[[[ 22  41  33]
  [ 26  44  37]
  [ 24  43  35]
  ..., 
  [125 134 134]
  [133 142 143]
  [150 159 160]]

 [[ 13  31  24]
  [ 16  35  28]
  [ 21  39  32]
  ..., 
  [ 98 107 108]
  [101 110 111]
  [107 116 117]]

 [[  2  20  15]
  [  9  27  22]
  [ 13  30  25]
  ..., 
  [ 61  69  71]
  [ 62  71  72]
  [ 58  67  68]]

 ..., 
 [[130 132 139]
  [129 131 138]
  [129 131 138]
  ..., 
  [ 76  76  76]
  [ 90  90  90]
  [ 93  93  93]]

 [[130 132 139]
  [128 130 136]
  [128 130 136]
  ..., 
  [ 77  77  77]
  [ 78  78  78]
  [ 76  76  76]]

 [[130 132 139]
  [128 130 136]
  [128 130 136]
  ..., 
  [ 77  77  77]
  [ 78  78  78]
  [ 76  76  76]]]