[[[ 21  39  32]
  [ 26  44  37]
  [ 26  44  37]
  ..., 
  [125 134 135]
  [134 143 144]
  [149 158 159]]

 [[ 12  30  23]
  [ 16  35  28]
  [ 22  40  33]
  ..., 
  [100 109 110]
  [104 113 113]
  [107 116 117]]

 [[  1  19  14]
  [  9  27  22]
  [ 14  32  26]
  ..., 
  [ 63  71  74]
  [ 64  73  74]
  [ 57  66  67]]

 ..., 
 [[130 132 139]
  [129 131 138]
  [129 131 138]
  ..., 
  [ 72  72  72]
  [ 90  90  90]
  [ 96  96  96]]

 [[130 132 139]
  [128 130 136]
  [128 130 136]
  ..., 
  [ 78  78  78]
  [ 80  80  80]
  [ 79  79  79]]

 [[130 132 139]
  [128 130 136]
  [128 130 136]
  ..., 
  [ 78  78  78]
  [ 80  80  80]
  [ 79  79  79]]]