[[[ 19  36  31]
  [ 24  42  37]
  [ 24  42  37]
  ..., 
  [123 132 133]
  [135 144 145]
  [148 157 158]]

 [[  9  27  22]
  [ 15  33  28]
  [ 22  40  35]
  ..., 
  [ 99 108 109]
  [105 114 115]
  [108 117 118]]

 [[  0  17  14]
  [  9  26  23]
  [ 14  31  28]
  ..., 
  [ 64  73  75]
  [ 63  72  73]
  [ 56  65  66]]

 ..., 
 [[130 133 137]
  [129 132 136]
  [129 132 136]
  ..., 
  [ 75  75  75]
  [ 92  92  92]
  [ 99  99  99]]

 [[130 133 137]
  [128 131 135]
  [128 131 135]
  ..., 
  [ 77  77  77]
  [ 79  79  79]
  [ 78  78  78]]

 [[130 133 137]
  [128 131 135]
  [128 131 135]
  ..., 
  [ 77  77  77]
  [ 79  79  79]
  [ 78  78  78]]]