[[[ 19  36  31]
  [ 24  42  37]
  [ 24  42  37]
  ..., 
  [125 134 135]
  [139 148 148]
  [147 156 157]]

 [[  9  27  22]
  [ 15  33  28]
  [ 22  40  35]
  ..., 
  [ 96 104 106]
  [101 110 111]
  [106 115 116]]

 [[  0  17  14]
  [  9  26  23]
  [ 14  31  28]
  ..., 
  [ 52  60  62]
  [ 57  66  67]
  [ 58  67  68]]

 ..., 
 [[130 133 137]
  [129 132 136]
  [129 132 136]
  ..., 
  [ 72  72  72]
  [ 90  90  90]
  [ 96  96  96]]

 [[130 133 137]
  [128 131 135]
  [128 131 135]
  ..., 
  [ 79  79  79]
  [ 83  83  83]
  [ 82  82  82]]

 [[130 133 137]
  [128 131 135]
  [128 131 135]
  ..., 
  [ 79  79  79]
  [ 83  83  83]
  [ 82  82  82]]]