[[[ 19  36  31]
  [ 24  42  37]
  [ 26  43  38]
  ..., 
  [126 135 136]
  [138 146 147]
  [143 152 153]]

 [[  9  27  22]
  [ 15  33  28]
  [ 23  41  36]
  ..., 
  [ 97 106 107]
  [104 113 113]
  [106 115 116]]

 [[  0  17  14]
  [  9  26  23]
  [ 15  32  29]
  ..., 
  [ 53  61  63]
  [ 60  68  69]
  [ 60  68  69]]

 ..., 
 [[130 134 136]
  [129 133 134]
  [129 133 134]
  ..., 
  [ 72  72  72]
  [ 90  90  90]
  [ 96  96  96]]

 [[130 134 136]
  [128 132 133]
  [128 132 133]
  ..., 
  [ 79  79  79]
  [ 83  83  83]
  [ 82  82  82]]

 [[130 134 136]
  [128 132 133]
  [128 132 133]
  ..., 
  [ 79  79  79]
  [ 83  83  83]
  [ 82  82  82]]]