[[[ 19  36  31]
  [ 24  42  37]
  [ 26  43  38]
  ..., 
  [126 135 136]
  [138 146 147]
  [143 152 153]]

 [[  9  27  22]
  [ 15  33  28]
  [ 23  41  36]
  ..., 
  [ 97 106 107]
  [104 113 113]
  [106 115 116]]

 [[  0  17  14]
  [  9  26  23]
  [ 15  32  29]
  ..., 
  [ 53  61  63]
  [ 60  68  69]
  [ 60  68  69]]

 ..., 
 [[128 134 137]
  [127 132 136]
  [127 132 136]
  ..., 
  [ 71  71  71]
  [ 86  86  86]
  [ 98  98  98]]

 [[128 134 137]
  [126 131 135]
  [126 131 135]
  ..., 
  [ 78  78  78]
  [ 79  79  79]
  [ 84  84  84]]

 [[128 134 137]
  [126 131 135]
  [126 131 135]
  ..., 
  [ 78  78  78]
  [ 79  79  79]
  [ 84  84  84]]]