[[[ 18  38  32]
  [ 22  42  37]
  [ 22  42  37]
  ..., 
  [126 135 136]
  [134 143 144]
  [143 152 153]]

 [[  8  28  23]
  [ 13  33  28]
  [ 19  39  34]
  ..., 
  [ 97 106 107]
  [104 113 113]
  [104 113 113]]

 [[  0  18  15]
  [  6  25  22]
  [ 12  31  28]
  ..., 
  [ 54  62  64]
  [ 58  67  68]
  [ 54  63  63]]

 ..., 
 [[128 133 139]
  [127 132 138]
  [127 132 138]
  ..., 
  [ 73  73  74]
  [ 84  84  84]
  [ 90  90  90]]

 [[128 133 139]
  [126 130 136]
  [126 130 136]
  ..., 
  [ 83  83  83]
  [ 78  78  78]
  [ 76  76  76]]

 [[128 133 139]
  [126 130 136]
  [126 130 136]
  ..., 
  [ 83  83  83]
  [ 78  78  78]
  [ 76  76  76]]]