[[[ 19  39  33]
  [ 24  44  38]
  [ 22  42  37]
  ..., 
  [126 135 136]
  [134 143 144]
  [143 152 153]]

 [[ 10  29  25]
  [ 14  34  29]
  [ 19  39  34]
  ..., 
  [ 97 106 107]
  [104 113 113]
  [104 113 113]]

 [[  0  20  16]
  [  7  27  23]
  [ 12  31  28]
  ..., 
  [ 54  62  64]
  [ 58  67  68]
  [ 54  63  63]]

 ..., 
 [[128 133 139]
  [127 132 138]
  [127 132 138]
  ..., 
  [ 76  76  76]
  [ 86  86  86]
  [ 93  93  93]]

 [[128 133 139]
  [126 130 136]
  [126 130 136]
  ..., 
  [ 84  84  84]
  [ 79  79  79]
  [ 79  79  79]]

 [[128 133 139]
  [126 130 136]
  [126 130 136]
  ..., 
  [ 84  84  84]
  [ 79  79  79]
  [ 79  79  79]]]