[[[ 18  39  31]
  [ 25  46  38]
  [ 26  47  39]
  ..., 
  [121 130 131]
  [129 138 139]
  [142 151 152]]

 [[ 14  35  28]
  [ 19  40  32]
  [ 20  41  33]
  ..., 
  [ 96 104 106]
  [103 111 112]
  [105 114 115]]

 [[  1  22  16]
  [  3  23  17]
  [  8  29  23]
  ..., 
  [ 56  64  67]
  [ 61  70  70]
  [ 55  64  64]]

 ..., 
 [[128 133 139]
  [127 132 138]
  [127 132 138]
  ..., 
  [ 76  76  76]
  [ 86  86  86]
  [ 94  94  94]]

 [[128 133 139]
  [126 130 136]
  [126 130 136]
  ..., 
  [ 83  83  83]
  [ 80  80  80]
  [ 80  80  80]]

 [[128 133 139]
  [126 130 136]
  [126 130 136]
  ..., 
  [ 83  83  83]
  [ 80  80  80]
  [ 80  80  80]]]