[[[ 20  43  37]
  [ 23  45  39]
  [ 23  45  39]
  ..., 
  [128 135 134]
  [135 142 141]
  [143 150 149]]

 [[ 12  35  29]
  [ 15  37  31]
  [ 17  39  33]
  ..., 
  [ 98 105 104]
  [104 112 111]
  [109 117 115]]

 [[  2  24  18]
  [  3  25  19]
  [  6  29  23]
  ..., 
  [ 59  66  66]
  [ 62  71  70]
  [ 62  72  70]]

 ..., 
 [[129 133 134]
  [126 130 132]
  [126 130 132]
  ..., 
  [ 69  69  69]
  [ 85  85  85]
  [ 91  91  91]]

 [[129 133 134]
  [126 130 132]
  [126 130 132]
  ..., 
  [ 76  76  76]
  [ 79  79  79]
  [ 78  78  78]]

 [[129 133 134]
  [126 130 132]
  [126 130 132]
  ..., 
  [ 76  76  76]
  [ 79  79  79]
  [ 78  78  78]]]