[[[ 19  42  36]
  [ 20  43  37]
  [ 20  43  37]
  ..., 
  [132 139 137]
  [137 144 143]
  [143 150 149]]

 [[ 10  32  26]
  [ 13  36  30]
  [ 17  39  33]
  ..., 
  [ 97 104 103]
  [103 111 110]
  [109 117 115]]

 [[  0  22  16]
  [  1  23  17]
  [  5  28  22]
  ..., 
  [ 57  64  64]
  [ 60  69  68]
  [ 62  72  70]]

 ..., 
 [[129 133 134]
  [126 130 132]
  [126 130 132]
  ..., 
  [ 73  73  74]
  [ 90  90  90]
  [ 96  96  96]]

 [[129 133 134]
  [126 130 132]
  [126 130 132]
  ..., 
  [ 75  74  75]
  [ 78  78  78]
  [ 77  77  77]]

 [[129 133 134]
  [126 130 132]
  [126 130 132]
  ..., 
  [ 75  74  75]
  [ 78  78  78]
  [ 77  77  77]]]