[[[ 18  41  35]
  [ 22  44  38]
  [ 22  44  38]
  ..., 
  [132 139 137]
  [138 146 144]
  [145 153 151]]

 [[  9  31  25]
  [ 15  37  31]
  [ 18  41  35]
  ..., 
  [ 98 105 104]
  [103 111 110]
  [109 117 115]]

 [[  1  23  17]
  [  0  22  16]
  [  4  27  21]
  ..., 
  [ 58  65  65]
  [ 60  69  68]
  [ 62  72  70]]

 ..., 
 [[129 133 134]
  [126 130 132]
  [126 130 132]
  ..., 
  [ 73  73  74]
  [ 90  90  90]
  [ 96  96  96]]

 [[129 133 134]
  [126 130 132]
  [126 130 132]
  ..., 
  [ 75  74  75]
  [ 78  78  78]
  [ 77  77  77]]

 [[129 133 134]
  [126 130 132]
  [126 130 132]
  ..., 
  [ 75  74  75]
  [ 78  78  78]
  [ 77  77  77]]]