[[[ 21  39  33]
  [ 26  43  38]
  [ 24  42  37]
  ..., 
  [130 137 136]
  [138 146 144]
  [148 155 154]]

 [[ 12  29  24]
  [ 19  36  31]
  [ 23  41  36]
  ..., 
  [ 97 104 103]
  [103 111 110]
  [110 118 117]]

 [[  6  23  18]
  [  6  23  18]
  [ 10  28  23]
  ..., 
  [ 58  65  65]
  [ 59  68  66]
  [ 62  72  70]]

 ..., 
 [[129 133 134]
  [126 130 132]
  [126 130 132]
  ..., 
  [ 72  72  73]
  [ 87  87  87]
  [ 93  93  93]]

 [[129 133 134]
  [126 130 132]
  [126 130 132]
  ..., 
  [ 77  77  77]
  [ 79  79  79]
  [ 78  78  78]]

 [[129 133 134]
  [126 130 132]
  [126 130 132]
  ..., 
  [ 77  77  77]
  [ 79  79  79]
  [ 78  78  78]]]