[[[ 20  37  32]
  [ 23  41  36]
  [ 23  41  36]
  ..., 
  [130 137 136]
  [137 144 143]
  [145 153 151]]

 [[ 10  28  23]
  [ 19  36  31]
  [ 23  41  36]
  ..., 
  [ 97 104 103]
  [102 110 108]
  [108 115 114]]

 [[  7  25  19]
  [  8  26  21]
  [ 12  29  24]
  ..., 
  [ 58  65  65]
  [ 58  67  65]
  [ 60  69  68]]

 ..., 
 [[129 133 134]
  [126 130 132]
  [126 130 132]
  ..., 
  [ 73  73  74]
  [ 87  87  87]
  [ 92  92  92]]

 [[129 133 134]
  [126 130 132]
  [126 130 132]
  ..., 
  [ 78  78  79]
  [ 79  79  79]
  [ 77  77  77]]

 [[129 133 134]
  [126 130 132]
  [126 130 132]
  ..., 
  [ 78  78  79]
  [ 79  79  79]
  [ 77  77  77]]]