[[[ 20  40  35]
  [ 22  42  37]
  [ 21  41  36]
  ..., 
  [132 139 137]
  [138 146 144]
  [147 154 153]]

 [[ 10  30  24]
  [ 18  38  32]
  [ 21  41  36]
  ..., 
  [ 99 106 105]
  [104 112 111]
  [111 119 118]]

 [[  4  24  18]
  [  6  26  21]
  [ 10  30  24]
  ..., 
  [ 58  65  65]
  [ 58  67  65]
  [ 61  70  69]]

 ..., 
 [[129 133 134]
  [126 130 132]
  [126 130 132]
  ..., 
  [ 73  73  74]
  [ 87  87  87]
  [ 92  92  92]]

 [[129 133 134]
  [126 130 132]
  [126 130 132]
  ..., 
  [ 78  78  79]
  [ 79  79  79]
  [ 77  77  77]]

 [[129 133 134]
  [126 130 132]
  [126 130 132]
  ..., 
  [ 78  78  79]
  [ 79  79  79]
  [ 77  77  77]]]