[[[ 22  37  32]
  [ 26  42  37]
  [ 29  44  39]
  ..., 
  [134 138 142]
  [140 145 149]
  [155 160 164]]

 [[ 15  30  25]
  [ 17  32  28]
  [ 22  37  32]
  ..., 
  [100 105 110]
  [106 113 116]
  [111 117 121]]

 [[  8  23  18]
  [  9  24  19]
  [ 15  30  25]
  ..., 
  [ 60  67  71]
  [ 62  70  73]
  [ 57  64  67]]

 ..., 
 [[131 134 138]
  [130 133 137]
  [130 133 137]
  ..., 
  [ 82  81  82]
  [ 93  93  93]
  [100 100 100]]

 [[132 135 140]
  [131 134 138]
  [129 132 136]
  ..., 
  [ 78  77  77]
  [ 82  82  82]
  [ 80  80  80]]

 [[132 135 140]
  [131 134 138]
  [129 132 136]
  ..., 
  [ 78  77  77]
  [ 82  82  82]
  [ 80  80  80]]]