[[[ 24  42  37]
  [ 26  43  38]
  [ 22  40  35]
  ..., 
  [132 139 137]
  [138 146 144]
  [147 154 153]]

 [[ 12  29  24]
  [ 20  37  32]
  [ 22  40  35]
  ..., 
  [ 99 106 105]
  [104 112 111]
  [111 119 118]]

 [[  6  23  18]
  [  9  27  22]
  [ 12  29  24]
  ..., 
  [ 58  65  65]
  [ 58  67  65]
  [ 61  70  69]]

 ..., 
 [[129 133 134]
  [126 130 132]
  [126 130 132]
  ..., 
  [ 72  72  73]
  [ 89  89  89]
  [ 94  94  94]]

 [[129 133 134]
  [126 130 132]
  [126 130 132]
  ..., 
  [ 77  77  77]
  [ 80  80  80]
  [ 79  79  79]]

 [[129 133 134]
  [126 130 132]
  [126 130 132]
  ..., 
  [ 77  77  77]
  [ 80  80  80]
  [ 79  79  79]]]