[[[ 22  40  35]
  [ 23  41  36]
  [ 23  41  36]
  ..., 
  [131 139 137]
  [138 146 144]
  [147 154 153]]

 [[ 10  28  23]
  [ 19  36  31]
  [ 22  40  35]
  ..., 
  [ 99 106 105]
  [104 112 111]
  [111 119 118]]

 [[  6  23  18]
  [  8  26  21]
  [ 12  29  24]
  ..., 
  [ 58  65  65]
  [ 58  67  65]
  [ 61  70  69]]

 ..., 
 [[129 133 134]
  [126 130 132]
  [126 130 132]
  ..., 
  [ 72  72  73]
  [ 89  89  89]
  [ 94  94  94]]

 [[129 133 134]
  [126 130 132]
  [126 130 132]
  ..., 
  [ 77  77  77]
  [ 80  80  80]
  [ 79  79  79]]

 [[129 133 134]
  [126 130 132]
  [126 130 132]
  ..., 
  [ 77  77  77]
  [ 80  80  80]
  [ 79  79  79]]]