[[[ 15  35  30]
  [ 21  41  36]
  [ 22  42  37]
  ..., 
  [128 135 134]
  [137 144 143]
  [148 155 154]]

 [[  6  26  21]
  [ 17  37  31]
  [ 21  41  36]
  ..., 
  [ 98 105 104]
  [105 113 112]
  [110 118 117]]

 [[  4  24  18]
  [  6  26  21]
  [ 10  30  24]
  ..., 
  [ 59  66  66]
  [ 60  69  68]
  [ 61  70  69]]

 ..., 
 [[129 133 134]
  [126 130 132]
  [126 130 132]
  ..., 
  [ 72  72  73]
  [ 87  87  87]
  [ 92  92  92]]

 [[129 133 134]
  [126 130 132]
  [126 130 132]
  ..., 
  [ 79  79  80]
  [ 80  80  80]
  [ 78  78  78]]

 [[129 133 134]
  [126 130 132]
  [126 130 132]
  ..., 
  [ 79  79  80]
  [ 80  80  80]
  [ 78  78  78]]]