[[[ 18  38  32]
  [ 25  45  39]
  [ 26  46  40]
  ..., 
  [128 135 134]
  [137 144 143]
  [148 155 154]]

 [[  6  26  21]
  [ 18  38  32]
  [ 21  41  36]
  ..., 
  [ 98 105 104]
  [105 113 112]
  [110 118 117]]

 [[  3  23  17]
  [  6  26  21]
  [ 10  30  24]
  ..., 
  [ 59  66  66]
  [ 60  69  68]
  [ 61  70  69]]

 ..., 
 [[129 133 134]
  [126 130 132]
  [126 130 132]
  ..., 
  [ 73  73  74]
  [ 86  86  86]
  [ 89  89  89]]

 [[129 133 134]
  [126 130 132]
  [126 130 132]
  ..., 
  [ 80  80  81]
  [ 79  79  79]
  [ 76  76  76]]

 [[129 133 134]
  [126 130 132]
  [126 130 132]
  ..., 
  [ 80  80  81]
  [ 79  79  79]
  [ 76  76  76]]]