[[[ 22  37  32]
  [ 29  44  39]
  [ 30  45  40]
  ..., 
  [128 135 134]
  [137 144 143]
  [148 155 154]]

 [[  9  24  19]
  [ 21  36  31]
  [ 23  38  33]
  ..., 
  [ 98 105 104]
  [105 113 112]
  [110 118 117]]

 [[  7  22  17]
  [  9  24  19]
  [ 11  27  22]
  ..., 
  [ 59  66  66]
  [ 60  69  68]
  [ 61  70  69]]

 ..., 
 [[129 133 134]
  [126 130 132]
  [126 130 132]
  ..., 
  [ 72  72  73]
  [ 86  86  86]
  [ 89  89  89]]

 [[129 133 134]
  [126 130 132]
  [126 130 132]
  ..., 
  [ 79  79  80]
  [ 79  79  79]
  [ 76  76  76]]

 [[129 133 134]
  [126 130 132]
  [126 130 132]
  ..., 
  [ 79  79  80]
  [ 79  79  79]
  [ 76  76  76]]]