[[[ 22  38  31]
  [ 26  43  35]
  [ 29  45  38]
  ..., 
  [134 138 142]
  [140 145 149]
  [155 160 164]]

 [[ 15  31  24]
  [ 17  33  26]
  [ 22  38  31]
  ..., 
  [100 105 110]
  [106 113 116]
  [111 117 121]]

 [[  8  24  17]
  [  9  25  18]
  [ 15  31  24]
  ..., 
  [ 60  67  71]
  [ 62  70  73]
  [ 57  64  67]]

 ..., 
 [[133 135 137]
  [132 134 136]
  [132 134 136]
  ..., 
  [ 84  83  83]
  [ 94  94  94]
  [ 98  98  98]]

 [[134 136 138]
  [133 135 137]
  [131 132 134]
  ..., 
  [ 79  78  78]
  [ 83  83  83]
  [ 77  77  77]]

 [[134 136 138]
  [133 135 137]
  [131 132 134]
  ..., 
  [ 79  78  78]
  [ 83  83  83]
  [ 77  77  77]]]