[[[ 28  43  38]
  [ 28  43  38]
  [ 25  41  36]
  ..., 
  [121 131 129]
  [134 144 142]
  [148 158 156]]

 [[ 15  30  25]
  [ 19  35  30]
  [ 17  32  28]
  ..., 
  [ 93 103 102]
  [101 111 110]
  [108 118 117]]

 [[  5  21  16]
  [ 11  27  22]
  [ 14  29  24]
  ..., 
  [ 57  67  66]
  [ 57  68  66]
  [ 58  70  68]]

 ..., 
 [[129 133 134]
  [126 130 132]
  [126 130 132]
  ..., 
  [ 76  76  76]
  [ 89  89  89]
  [ 92  92  92]]

 [[129 133 134]
  [126 130 132]
  [126 130 132]
  ..., 
  [ 78  78  79]
  [ 80  80  80]
  [ 78  78  78]]

 [[129 133 134]
  [126 130 132]
  [126 130 132]
  ..., 
  [ 78  78  79]
  [ 80  80  80]
  [ 78  78  78]]]