[[[ 26  43  38]
  [ 26  43  38]
  [ 23  41  36]
  ..., 
  [124 133 132]
  [134 144 142]
  [145 154 153]]

 [[ 13  30  25]
  [ 17  35  30]
  [ 15  33  28]
  ..., 
  [ 94 104 103]
  [101 111 110]
  [106 116 114]]

 [[  3  21  16]
  [  9  27  22]
  [ 12  29  24]
  ..., 
  [ 57  67  66]
  [ 56  67  65]
  [ 57  68  66]]

 ..., 
 [[129 133 134]
  [126 130 132]
  [126 130 132]
  ..., 
  [ 78  78  79]
  [ 89  89  89]
  [ 94  94  94]]

 [[129 133 134]
  [126 130 132]
  [126 130 132]
  ..., 
  [ 79  79  80]
  [ 79  79  79]
  [ 78  78  78]]

 [[129 133 134]
  [126 130 132]
  [126 130 132]
  ..., 
  [ 79  79  80]
  [ 79  79  79]
  [ 78  78  78]]]