[[[ 25  45  39]
  [ 24  44  38]
  [ 22  42  37]
  ..., 
  [124 133 132]
  [134 144 142]
  [145 154 153]]

 [[ 11  31  25]
  [ 17  37  31]
  [ 15  35  30]
  ..., 
  [ 94 104 103]
  [101 111 110]
  [106 116 114]]

 [[  4  24  18]
  [  7  27  22]
  [ 10  30  24]
  ..., 
  [ 57  67  66]
  [ 56  67  65]
  [ 57  68  66]]

 ..., 
 [[129 133 134]
  [126 130 132]
  [126 130 132]
  ..., 
  [ 78  78  79]
  [ 90  90  90]
  [ 96  96  96]]

 [[129 133 134]
  [126 130 132]
  [126 130 132]
  ..., 
  [ 79  79  80]
  [ 80  80  80]
  [ 79  79  79]]

 [[129 133 134]
  [126 130 132]
  [126 130 132]
  ..., 
  [ 79  79  80]
  [ 80  80  80]
  [ 79  79  79]]]