[[[ 27  44  39]
  [ 26  43  38]
  [ 27  44  39]
  ..., 
  [126 136 134]
  [135 145 143]
  [149 159 157]]

 [[ 12  29  24]
  [ 20  37  32]
  [ 21  39  33]
  ..., 
  [ 97 106 105]
  [102 112 111]
  [109 119 118]]

 [[  6  23  18]
  [  8  26  21]
  [ 13  30  25]
  ..., 
  [ 58  68  67]
  [ 58  69  68]
  [ 58  70  68]]

 ..., 
 [[129 133 134]
  [126 130 132]
  [126 130 132]
  ..., 
  [ 75  74  75]
  [ 91  91  91]
  [ 96  96  96]]

 [[129 133 134]
  [126 130 132]
  [126 130 132]
  ..., 
  [ 76  76  76]
  [ 82  82  82]
  [ 79  79  79]]

 [[129 133 134]
  [126 130 132]
  [126 130 132]
  ..., 
  [ 76  76  76]
  [ 82  82  82]
  [ 79  79  79]]]