[[[ 25  45  39]
  [ 24  44  38]
  [ 25  45  39]
  ..., 
  [126 136 134]
  [135 145 143]
  [149 159 157]]

 [[ 10  30  24]
  [ 18  38  32]
  [ 19  39  33]
  ..., 
  [ 97 106 105]
  [102 112 111]
  [109 119 118]]

 [[  4  24  18]
  [  6  26  21]
  [ 11  31  25]
  ..., 
  [ 58  68  67]
  [ 58  69  68]
  [ 58  70  68]]

 ..., 
 [[129 133 134]
  [126 130 132]
  [126 130 132]
  ..., 
  [ 75  74  75]
  [ 91  91  91]
  [ 96  96  96]]

 [[129 133 134]
  [126 130 132]
  [126 130 132]
  ..., 
  [ 76  76  76]
  [ 82  82  82]
  [ 79  79  79]]

 [[129 133 134]
  [126 130 132]
  [126 130 132]
  ..., 
  [ 76  76  76]
  [ 82  82  82]
  [ 79  79  79]]]