[[[ 19  36  31]
  [ 26  43  38]
  [ 27  44  39]
  ..., 
  [128 131 134]
  [140 143 145]
  [149 153 154]]

 [[ 15  33  28]
  [ 21  39  33]
  [ 22  40  35]
  ..., 
  [100 105 107]
  [104 110 111]
  [110 116 117]]

 [[  7  25  19]
  [ 10  28  23]
  [ 15  33  28]
  ..., 
  [ 59  67  69]
  [ 60  68  69]
  [ 65  73  74]]

 ..., 
 [[131 132 134]
  [131 132 134]
  [131 132 134]
  ..., 
  [ 84  84  84]
  [ 99  99  99]
  [104 104 104]]

 [[131 132 134]
  [131 132 134]
  [131 132 134]
  ..., 
  [ 73  73  74]
  [ 83  83  83]
  [ 80  80  80]]

 [[131 132 134]
  [131 132 134]
  [131 132 134]
  ..., 
  [ 73  73  74]
  [ 83  83  83]
  [ 80  80  80]]]