[[[ 19  36  31]
  [ 23  41  36]
  [ 29  47  42]
  ..., 
  [130 132 135]
  [143 147 148]
  [154 157 159]]

 [[ 15  33  28]
  [ 19  36  31]
  [ 23  41  36]
  ..., 
  [ 99 103 106]
  [105 111 112]
  [113 119 120]]

 [[  3  21  16]
  [  6  23  18]
  [ 14  32  26]
  ..., 
  [ 57  64  67]
  [ 59  67  68]
  [ 62  71  71]]

 ..., 
 [[131 132 134]
  [131 132 134]
  [131 132 134]
  ..., 
  [ 77  77  77]
  [ 92  92  92]
  [ 96  96  96]]

 [[131 132 134]
  [131 132 134]
  [131 132 134]
  ..., 
  [ 71  71  71]
  [ 82  82  82]
  [ 78  78  78]]

 [[131 132 134]
  [131 132 134]
  [131 132 134]
  ..., 
  [ 71  71  71]
  [ 82  82  82]
  [ 78  78  78]]]