[[[ 23  38  33]
  [ 28  43  38]
  [ 28  43  38]
  ..., 
  [133 137 141]
  [138 144 148]
  [153 159 163]]

 [[ 16  31  26]
  [ 18  34  29]
  [ 21  36  31]
  ..., 
  [ 99 104 108]
  [105 112 115]
  [110 116 120]]

 [[  9  24  19]
  [ 10  25  21]
  [ 14  29  24]
  ..., 
  [ 59  66  70]
  [ 61  69  72]
  [ 55  63  66]]

 ..., 
 [[131 134 138]
  [130 133 137]
  [130 133 137]
  ..., 
  [ 80  79  79]
  [ 89  89  89]
  [ 94  94  94]]

 [[132 135 140]
  [131 134 138]
  [129 132 136]
  ..., 
  [ 82  81  82]
  [ 79  79  79]
  [ 79  79  79]]

 [[132 135 140]
  [131 134 138]
  [129 132 136]
  ..., 
  [ 82  81  82]
  [ 79  79  79]
  [ 79  79  79]]]