[[[ 19  36  31]
  [ 23  41  36]
  [ 29  47  42]
  ..., 
  [128 131 134]
  [141 144 146]
  [149 153 154]]

 [[ 15  33  28]
  [ 19  36  31]
  [ 23  41  36]
  ..., 
  [ 98 102 105]
  [108 113 115]
  [113 119 120]]

 [[  3  21  16]
  [  6  23  18]
  [ 14  32  26]
  ..., 
  [ 57  64  67]
  [ 61  69  70]
  [ 72  80  81]]

 ..., 
 [[131 132 134]
  [131 132 134]
  [131 132 134]
  ..., 
  [ 76  76  76]
  [ 93  93  93]
  [ 98  98  98]]

 [[131 132 134]
  [131 132 134]
  [131 132 134]
  ..., 
  [ 71  71  71]
  [ 82  82  82]
  [ 77  77  77]]

 [[131 132 134]
  [131 132 134]
  [131 132 134]
  ..., 
  [ 71  71  71]
  [ 82  82  82]
  [ 77  77  77]]]