[[[ 19  36  31]
  [ 23  41  36]
  [ 29  47  42]
  ..., 
  [132 135 138]
  [140 143 145]
  [149 153 154]]

 [[ 15  33  28]
  [ 19  36  31]
  [ 23  41  36]
  ..., 
  [100 105 107]
  [108 113 115]
  [105 111 112]]

 [[  5  22  17]
  [  7  25  19]
  [ 15  33  28]
  ..., 
  [ 58  65  68]
  [ 62  71  72]
  [ 62  71  71]]

 ..., 
 [[131 132 134]
  [131 132 134]
  [131 132 134]
  ..., 
  [ 69  69  69]
  [ 84  84  84]
  [ 92  92  92]]

 [[131 132 134]
  [131 132 134]
  [131 132 134]
  ..., 
  [ 79  79  79]
  [ 80  80  80]
  [ 84  84  84]]

 [[131 132 134]
  [131 132 134]
  [131 132 134]
  ..., 
  [ 79  79  79]
  [ 80  80  80]
  [ 84  84  84]]]