[[[ 15  33  28]
  [ 23  41  36]
  [ 30  48  43]
  ..., 
  [133 136 139]
  [141 144 146]
  [154 157 159]]

 [[ 13  30  25]
  [ 19  36  31]
  [ 23  41  36]
  ..., 
  [101 106 109]
  [109 114 116]
  [108 113 115]]

 [[  7  25  19]
  [  9  27  22]
  [ 16  34  29]
  ..., 
  [ 57  64  67]
  [ 61  69  70]
  [ 60  68  69]]

 ..., 
 [[131 132 134]
  [131 132 134]
  [131 132 134]
  ..., 
  [ 72  72  72]
  [ 83  83  83]
  [ 89  89  89]]

 [[131 132 134]
  [131 132 134]
  [131 132 134]
  ..., 
  [ 83  83  83]
  [ 79  79  79]
  [ 79  79  79]]

 [[131 132 134]
  [131 132 134]
  [131 132 134]
  ..., 
  [ 83  83  83]
  [ 79  79  79]
  [ 79  79  79]]]