[[[ 21  39  33]
  [ 28  46  40]
  [ 28  46  40]
  ..., 
  [130 136 136]
  [135 141 143]
  [146 153 154]]

 [[ 15  33  28]
  [ 19  36  31]
  [ 19  36  31]
  ..., 
  [100 107 107]
  [101 107 109]
  [105 112 114]]

 [[  5  22  17]
  [  9  27  22]
  [ 12  29  24]
  ..., 
  [ 60  68  70]
  [ 54  62  65]
  [ 57  64  67]]

 ..., 
 [[130 133 137]
  [131 134 138]
  [131 134 138]
  ..., 
  [ 67  67  68]
  [ 78  78  78]
  [ 79  79  79]]

 [[131 134 138]
  [131 134 138]
  [131 134 138]
  ..., 
  [ 78  78  79]
  [ 79  79  79]
  [ 78  78  78]]

 [[131 134 138]
  [131 134 138]
  [131 134 138]
  ..., 
  [ 78  78  79]
  [ 79  79  79]
  [ 78  78  78]]]