[[[ 21  39  33]
  [ 27  44  39]
  [ 26  43  38]
  ..., 
  [130 136 136]
  [135 141 143]
  [146 153 154]]

 [[ 14  32  26]
  [ 17  35  30]
  [ 16  34  29]
  ..., 
  [100 107 107]
  [101 107 109]
  [105 112 114]]

 [[  7  25  19]
  [ 12  29  24]
  [ 13  30  25]
  ..., 
  [ 60  68  70]
  [ 54  62  65]
  [ 57  64  67]]

 ..., 
 [[130 133 137]
  [131 134 138]
  [131 134 138]
  ..., 
  [ 65  65  66]
  [ 77  77  77]
  [ 79  79  79]]

 [[131 134 138]
  [131 134 138]
  [131 134 138]
  ..., 
  [ 77  77  77]
  [ 79  79  79]
  [ 82  82  82]]

 [[131 134 138]
  [131 134 138]
  [131 134 138]
  ..., 
  [ 77  77  77]
  [ 79  79  79]
  [ 82  82  82]]]