[[[ 23  41  36]
  [ 28  46  40]
  [ 31  49  44]
  ..., 
  [130 136 136]
  [135 141 143]
  [146 153 154]]

 [[ 17  35  30]
  [ 21  39  33]
  [ 23  41  36]
  ..., 
  [100 107 107]
  [101 107 109]
  [105 112 114]]

 [[  9  27  22]
  [ 13  30  25]
  [ 16  34  29]
  ..., 
  [ 60  68  70]
  [ 54  62  65]
  [ 57  64  67]]

 ..., 
 [[130 134 136]
  [131 135 137]
  [131 135 137]
  ..., 
  [ 65  65  66]
  [ 77  77  77]
  [ 79  79  79]]

 [[131 135 137]
  [131 135 137]
  [131 135 137]
  ..., 
  [ 77  77  77]
  [ 79  79  79]
  [ 82  82  82]]

 [[131 135 137]
  [131 135 137]
  [131 135 137]
  ..., 
  [ 77  77  77]
  [ 79  79  79]
  [ 82  82  82]]]