[[[ 20  40  35]
  [ 22  42  37]
  [ 22  42  37]
  ..., 
  [129 133 137]
  [134 139 143]
  [149 155 158]]

 [[ 12  32  26]
  [ 12  32  26]
  [ 17  37  31]
  ..., 
  [ 94 100 104]
  [108 114 117]
  [110 116 120]]

 [[  6  25  19]
  [  5  24  18]
  [ 11  29  24]
  ..., 
  [ 57  64  68]
  [ 67  74  78]
  [ 59  66  70]]

 ..., 
 [[132 135 140]
  [129 132 136]
  [129 132 136]
  ..., 
  [ 81  80  81]
  [ 91  91  91]
  [ 95  96  96]]

 [[133 137 141]
  [130 133 137]
  [129 132 136]
  ..., 
  [ 82  81  82]
  [ 80  80  80]
  [ 79  79  79]]

 [[133 137 141]
  [130 133 137]
  [129 132 136]
  ..., 
  [ 82  81  82]
  [ 80  80  80]
  [ 79  79  79]]]