[[[ 23  41  36]
  [ 28  46  40]
  [ 31  49  44]
  ..., 
  [128 133 134]
  [136 142 144]
  [146 153 154]]

 [[ 17  35  30]
  [ 21  39  33]
  [ 23  41  36]
  ..., 
  [ 99 105 106]
  [103 110 112]
  [106 113 115]]

 [[  9  27  22]
  [ 13  30  25]
  [ 16  34  29]
  ..., 
  [ 59  67  69]
  [ 57  64  67]
  [ 58  65  68]]

 ..., 
 [[130 134 136]
  [131 135 137]
  [131 135 137]
  ..., 
  [ 69  69  69]
  [ 77  77  77]
  [ 83  83  83]]

 [[131 135 137]
  [131 135 137]
  [131 135 137]
  ..., 
  [ 77  77  77]
  [ 80  80  80]
  [ 82  82  82]]

 [[131 135 137]
  [131 135 137]
  [131 135 137]
  ..., 
  [ 77  77  77]
  [ 80  80  80]
  [ 82  82  82]]]