[[[ 21  38  35]
  [ 26  42  40]
  [ 29  46  43]
  ..., 
  [128 133 134]
  [136 142 144]
  [146 153 154]]

 [[ 15  32  29]
  [ 19  35  33]
  [ 21  38  35]
  ..., 
  [ 99 105 106]
  [103 110 112]
  [106 113 115]]

 [[  7  24  21]
  [ 10  27  25]
  [ 14  31  28]
  ..., 
  [ 59  67  69]
  [ 57  64  67]
  [ 58  65  68]]

 ..., 
 [[130 134 136]
  [131 135 137]
  [131 135 137]
  ..., 
  [ 63  63  63]
  [ 71  71  71]
  [ 77  77  77]]

 [[131 135 137]
  [131 135 137]
  [131 135 137]
  ..., 
  [ 79  79  80]
  [ 83  83  83]
  [ 84  84  84]]

 [[131 135 137]
  [131 135 137]
  [131 135 137]
  ..., 
  [ 79  79  80]
  [ 83  83  83]
  [ 84  84  84]]]