[[[ 18  39  31]
  [ 25  46  38]
  [ 27  48  40]
  ..., 
  [128 133 134]
  [134 140 141]
  [143 149 151]]

 [[ 13  34  26]
  [ 18  39  31]
  [ 20  41  33]
  ..., 
  [ 98 104 105]
  [103 110 112]
  [106 113 115]]

 [[  6  27  19]
  [  8  29  21]
  [ 12  33  25]
  ..., 
  [ 57  65  66]
  [ 55  63  66]
  [ 58  65  68]]

 ..., 
 [[130 134 136]
  [131 135 137]
  [131 135 137]
  ..., 
  [ 66  66  67]
  [ 76  76  76]
  [ 82  82  82]]

 [[131 135 137]
  [131 135 137]
  [131 135 137]
  ..., 
  [ 77  77  77]
  [ 83  83  83]
  [ 84  84  84]]

 [[131 135 137]
  [131 135 137]
  [131 135 137]
  ..., 
  [ 77  77  77]
  [ 83  83  83]
  [ 84  84  84]]]