[[[ 17  36  28]
  [ 27  45  38]
  [ 30  49  41]
  ..., 
  [127 132 132]
  [134 140 141]
  [143 149 151]]

 [[ 14  32  25]
  [ 19  37  30]
  [ 22  41  33]
  ..., 
  [ 97 103 104]
  [103 110 112]
  [106 113 115]]

 [[  7  25  18]
  [  9  28  20]
  [ 14  32  25]
  ..., 
  [ 58  66  67]
  [ 55  63  66]
  [ 58  65  68]]

 ..., 
 [[130 134 136]
  [131 135 137]
  [131 135 137]
  ..., 
  [ 66  66  67]
  [ 76  76  76]
  [ 82  82  82]]

 [[131 135 137]
  [131 135 137]
  [131 135 137]
  ..., 
  [ 74  74  75]
  [ 80  80  80]
  [ 82  82  82]]

 [[131 135 137]
  [131 135 137]
  [131 135 137]
  ..., 
  [ 74  74  75]
  [ 80  80  80]
  [ 82  82  82]]]