[[[ 19  36  28]
  [ 29  45  38]
  [ 31  47  40]
  ..., 
  [124 130 127]
  [134 141 140]
  [142 149 148]]

 [[ 18  34  27]
  [ 19  36  28]
  [ 23  39  32]
  ..., 
  [ 97 104 102]
  [105 113 112]
  [106 114 114]]

 [[  9  25  18]
  [ 11  27  20]
  [ 12  29  21]
  ..., 
  [ 55  63  62]
  [ 58  66  67]
  [ 64  72  72]]

 ..., 
 [[128 132 133]
  [129 133 134]
  [130 134 136]
  ..., 
  [ 64  64  65]
  [ 73  73  73]
  [ 83  83  83]]

 [[128 132 133]
  [129 133 134]
  [129 133 134]
  ..., 
  [ 76  76  76]
  [ 78  78  78]
  [ 83  83  83]]

 [[128 132 133]
  [129 133 134]
  [129 133 134]
  ..., 
  [ 76  76  76]
  [ 78  78  78]
  [ 83  83  83]]]