[[[ 19  36  28]
  [ 29  45  38]
  [ 31  47  40]
  ..., 
  [125 130 130]
  [133 139 140]
  [141 147 148]]

 [[ 18  34  27]
  [ 19  36  28]
  [ 23  39  32]
  ..., 
  [ 96 102 102]
  [104 111 113]
  [108 114 116]]

 [[  9  25  18]
  [ 11  27  20]
  [ 12  29  21]
  ..., 
  [ 55  62  64]
  [ 55  63  66]
  [ 64  71  74]]

 ..., 
 [[126 130 132]
  [129 133 134]
  [130 134 136]
  ..., 
  [ 58  58  59]
  [ 69  69  69]
  [ 83  83  83]]

 [[129 133 134]
  [130 134 136]
  [130 134 136]
  ..., 
  [ 71  71  72]
  [ 75  75  75]
  [ 87  87  87]]

 [[129 133 134]
  [130 134 136]
  [130 134 136]
  ..., 
  [ 71  71  72]
  [ 75  75  75]
  [ 87  87  87]]]