[[[ 15  36  28]
  [ 25  46  38]
  [ 27  48  40]
  ..., 
  [125 131 128]
  [131 139 137]
  [141 148 147]]

 [[ 15  35  27]
  [ 16  36  28]
  [ 19  40  32]
  ..., 
  [ 96 103 101]
  [104 112 111]
  [109 116 116]]

 [[  7  25  18]
  [  9  28  20]
  [ 10  29  21]
  ..., 
  [ 57  65  64]
  [ 55  64  64]
  [ 62  71  71]]

 ..., 
 [[126 130 132]
  [129 133 134]
  [130 134 136]
  ..., 
  [ 58  58  59]
  [ 69  69  69]
  [ 83  83  83]]

 [[129 133 134]
  [130 134 136]
  [130 134 136]
  ..., 
  [ 71  71  72]
  [ 75  75  75]
  [ 87  87  87]]

 [[129 133 134]
  [130 134 136]
  [130 134 136]
  ..., 
  [ 71  71  72]
  [ 75  75  75]
  [ 87  87  87]]]