[[[ 17  37  30]
  [ 24  44  37]
  [ 25  46  38]
  ..., 
  [125 131 128]
  [131 139 137]
  [139 147 146]]

 [[ 15  35  27]
  [ 16  36  28]
  [ 17  37  30]
  ..., 
  [ 98 105 103]
  [105 113 112]
  [106 114 114]]

 [[  6  24  17]
  [  8  27  19]
  [ 14  32  25]
  ..., 
  [ 59  68  67]
  [ 58  66  67]
  [ 59  67  68]]

 ..., 
 [[128 132 133]
  [130 134 136]
  [130 134 136]
  ..., 
  [ 59  59  60]
  [ 68  68  68]
  [ 75  75  75]]

 [[130 134 136]
  [131 135 137]
  [131 135 137]
  ..., 
  [ 79  79  80]
  [ 80  80  80]
  [ 82  82  82]]

 [[130 134 136]
  [131 135 137]
  [131 135 137]
  ..., 
  [ 79  79  80]
  [ 80  80  80]
  [ 82  82  82]]]