[[[ 16  38  32]
  [ 22  44  38]
  [ 20  43  37]
  ..., 
  [128 133 134]
  [133 139 140]
  [139 146 147]]

 [[ 12  33  28]
  [ 14  36  30]
  [ 14  36  30]
  ..., 
  [ 97 103 104]
  [106 113 115]
  [104 111 113]]

 [[  3  23  17]
  [  7  27  22]
  [ 11  31  25]
  ..., 
  [ 59  67  68]
  [ 60  68  70]
  [ 60  68  71]]

 ..., 
 [[123 130 131]
  [124 131 132]
  [127 133 134]
  ..., 
  [ 59  59  60]
  [ 65  65  65]
  [ 76  76  76]]

 [[126 132 133]
  [127 133 134]
  [129 136 137]
  ..., 
  [ 78  78  79]
  [ 77  77  77]
  [ 84  84  84]]

 [[126 132 133]
  [127 133 134]
  [129 136 137]
  ..., 
  [ 78  78  79]
  [ 77  77  77]
  [ 84  84  84]]]