[[[ 13  36  30]
  [ 19  42  36]
  [ 22  44  38]
  ..., 
  [128 133 134]
  [133 139 140]
  [139 146 147]]

 [[ 12  33  28]
  [ 14  36  30]
  [ 14  36  30]
  ..., 
  [ 97 103 104]
  [106 113 115]
  [104 111 113]]

 [[  1  22  16]
  [  5  25  20]
  [ 11  31  25]
  ..., 
  [ 59  67  68]
  [ 60  68  70]
  [ 60  68  71]]

 ..., 
 [[124 131 132]
  [126 132 133]
  [127 133 134]
  ..., 
  [ 59  59  60]
  [ 65  65  65]
  [ 76  76  76]]

 [[127 133 134]
  [128 134 136]
  [128 134 136]
  ..., 
  [ 78  78  79]
  [ 77  77  77]
  [ 84  84  84]]

 [[127 133 134]
  [128 134 136]
  [128 134 136]
  ..., 
  [ 78  78  79]
  [ 77  77  77]
  [ 84  84  84]]]