[[[ 18  37  34]
  [ 21  40  37]
  [ 24  43  40]
  ..., 
  [127 135 138]
  [135 144 145]
  [139 148 148]]

 [[ 12  31  28]
  [ 13  32  29]
  [ 15  35  32]
  ..., 
  [ 90  98 101]
  [104 112 114]
  [105 114 115]]

 [[  7  27  23]
  [ 10  29  26]
  [ 13  32  29]
  ..., 
  [ 52  59  63]
  [ 60  68  70]
  [ 57  65  68]]

 ..., 
 [[132 134 136]
  [132 134 136]
  [131 132 134]
  ..., 
  [ 62  62  62]
  [ 72  72  72]
  [ 82  82  82]]

 [[132 134 136]
  [132 134 136]
  [130 131 133]
  ..., 
  [ 79  79  79]
  [ 82  82  82]
  [ 80  80  80]]

 [[132 134 136]
  [132 134 136]
  [130 131 133]
  ..., 
  [ 79  79  79]
  [ 82  82  82]
  [ 80  80  80]]]