[[[ 18  37  34]
  [ 21  40  37]
  [ 24  43  40]
  ..., 
  [126 134 137]
  [136 145 146]
  [139 148 148]]

 [[ 12  31  28]
  [ 13  32  29]
  [ 15  35  32]
  ..., 
  [ 91  99 102]
  [103 111 113]
  [105 114 115]]

 [[  7  27  23]
  [ 10  29  26]
  [ 13  32  29]
  ..., 
  [ 53  61  64]
  [ 58  67  69]
  [ 57  65  68]]

 ..., 
 [[128 132 133]
  [128 132 133]
  [126 130 132]
  ..., 
  [ 62  62  62]
  [ 72  72  72]
  [ 82  82  82]]

 [[128 132 133]
  [128 132 133]
  [125 129 131]
  ..., 
  [ 79  79  79]
  [ 82  82  82]
  [ 80  80  80]]

 [[128 132 133]
  [128 132 133]
  [125 129 131]
  ..., 
  [ 79  79  79]
  [ 82  82  82]
  [ 80  80  80]]]