[[[ 18  37  34]
  [ 21  40  37]
  [ 24  43  40]
  ..., 
  [125 134 134]
  [135 145 143]
  [138 147 146]]

 [[ 12  31  28]
  [ 13  32  29]
  [ 15  35  32]
  ..., 
  [ 92 101 101]
  [103 112 111]
  [104 113 112]]

 [[  7  27  23]
  [ 10  29  26]
  [ 13  32  29]
  ..., 
  [ 54  63  63]
  [ 58  67  68]
  [ 56  65  65]]

 ..., 
 [[126 132 133]
  [126 132 133]
  [124 131 132]
  ..., 
  [ 62  62  62]
  [ 72  72  72]
  [ 82  82  82]]

 [[126 132 133]
  [126 132 133]
  [123 130 131]
  ..., 
  [ 79  79  79]
  [ 82  82  82]
  [ 80  80  80]]

 [[126 132 133]
  [126 132 133]
  [123 130 131]
  ..., 
  [ 79  79  79]
  [ 82  82  82]
  [ 80  80  80]]]