[[[ 18  37  34]
  [ 21  40  37]
  [ 24  43  40]
  ..., 
  [125 134 134]
  [135 145 143]
  [138 147 146]]

 [[ 12  31  28]
  [ 13  32  29]
  [ 15  35  32]
  ..., 
  [ 92 101 101]
  [103 112 111]
  [104 113 112]]

 [[  7  27  23]
  [ 10  29  26]
  [ 13  32  29]
  ..., 
  [ 54  63  63]
  [ 58  67  68]
  [ 56  65  65]]

 ..., 
 [[128 132 133]
  [128 132 133]
  [126 130 132]
  ..., 
  [ 61  62  62]
  [ 77  77  77]
  [ 87  87  87]]

 [[128 132 133]
  [128 132 133]
  [125 129 131]
  ..., 
  [ 82  83  83]
  [ 84  84  84]
  [ 80  80  80]]

 [[128 132 133]
  [128 132 133]
  [125 129 131]
  ..., 
  [ 82  83  83]
  [ 84  84  84]
  [ 80  80  80]]]