[[[ 17  42  36]
  [ 20  44  38]
  [ 18  43  37]
  ..., 
  [128 132 136]
  [135 141 144]
  [148 153 157]]

 [[ 10  34  28]
  [ 14  39  32]
  [ 15  40  33]
  ..., 
  [ 96 101 105]
  [103 109 113]
  [113 120 123]]

 [[  1  24  18]
  [  4  27  21]
  [ 11  34  28]
  ..., 
  [ 57  64  68]
  [ 61  69  72]
  [ 64  71  74]]

 ..., 
 [[135 138 142]
  [130 133 137]
  [128 131 135]
  ..., 
  [ 79  78  78]
  [ 87  87  87]
  [ 92  92  92]]

 [[130 133 137]
  [130 133 137]
  [128 131 135]
  ..., 
  [ 84  83  83]
  [ 80  80  80]
  [ 78  78  78]]

 [[130 133 137]
  [130 133 137]
  [128 131 135]
  ..., 
  [ 84  83  83]
  [ 80  80  80]
  [ 78  78  78]]]