[[[ 20  39  36]
  [ 24  43  40]
  [ 27  46  43]
  ..., 
  [122 132 131]
  [134 144 142]
  [142 152 150]]

 [[ 13  32  29]
  [ 13  32  29]
  [ 17  36  33]
  ..., 
  [ 93 102 102]
  [103 112 111]
  [104 113 112]]

 [[  5  24  21]
  [  6  25  22]
  [ 13  32  29]
  ..., 
  [ 54  63  63]
  [ 60  69  69]
  [ 58  67  68]]

 ..., 
 [[128 132 133]
  [128 132 133]
  [126 130 132]
  ..., 
  [ 67  68  68]
  [ 86  86  86]
  [ 94  94  94]]

 [[128 132 133]
  [128 132 133]
  [125 129 131]
  ..., 
  [ 79  79  79]
  [ 79  79  79]
  [ 78  78  78]]

 [[128 132 133]
  [128 132 133]
  [125 129 131]
  ..., 
  [ 79  79  79]
  [ 79  79  79]
  [ 78  78  78]]]