[[[ 19  38  35]
  [ 24  43  40]
  [ 28  47  44]
  ..., 
  [122 132 131]
  [134 144 142]
  [142 152 150]]

 [[ 11  30  27]
  [ 12  31  28]
  [ 17  36  33]
  ..., 
  [ 93 102 102]
  [103 112 111]
  [104 113 112]]

 [[  1  21  18]
  [  4  23  20]
  [ 13  32  29]
  ..., 
  [ 54  63  63]
  [ 60  69  69]
  [ 58  67  68]]

 ..., 
 [[128 132 133]
  [128 132 133]
  [126 130 132]
  ..., 
  [ 63  63  63]
  [ 84  84  84]
  [ 93  93  93]]

 [[128 132 133]
  [128 132 133]
  [125 129 131]
  ..., 
  [ 77  77  77]
  [ 80  80  80]
  [ 80  80  80]]

 [[128 132 133]
  [128 132 133]
  [125 129 131]
  ..., 
  [ 77  77  77]
  [ 80  80  80]
  [ 80  80  80]]]