[[[ 20  39  36]
  [ 25  44  41]
  [ 28  47  44]
  ..., 
  [126 135 135]
  [138 147 146]
  [145 154 153]]

 [[ 12  31  28]
  [ 12  31  28]
  [ 19  38  35]
  ..., 
  [ 96 105 105]
  [106 116 115]
  [107 117 116]]

 [[  3  22  19]
  [  6  25  22]
  [ 15  35  32]
  ..., 
  [ 55  64  64]
  [ 60  69  69]
  [ 57  66  67]]

 ..., 
 [[128 132 133]
  [128 132 133]
  [126 130 132]
  ..., 
  [ 63  63  63]
  [ 84  84  84]
  [ 93  93  93]]

 [[128 132 133]
  [128 132 133]
  [125 129 131]
  ..., 
  [ 77  77  77]
  [ 80  80  80]
  [ 80  80  80]]

 [[128 132 133]
  [128 132 133]
  [125 129 131]
  ..., 
  [ 77  77  77]
  [ 80  80  80]
  [ 80  80  80]]]