[[[ 21  40  37]
  [ 27  46  43]
  [ 25  44  41]
  ..., 
  [123 133 133]
  [134 144 142]
  [147 157 155]]

 [[ 12  31  28]
  [ 14  34  30]
  [ 17  36  33]
  ..., 
  [ 94 104 104]
  [105 114 113]
  [110 119 118]]

 [[  4  23  20]
  [ 10  29  26]
  [ 18  37  34]
  ..., 
  [ 58  66  67]
  [ 61  70  70]
  [ 58  67  68]]

 ..., 
 [[128 132 133]
  [128 132 133]
  [126 130 132]
  ..., 
  [ 66  66  67]
  [ 85  85  85]
  [ 92  92  92]]

 [[128 132 133]
  [128 132 133]
  [125 129 131]
  ..., 
  [ 74  75  75]
  [ 79  79  79]
  [ 82  82  82]]

 [[128 132 133]
  [128 132 133]
  [125 129 131]
  ..., 
  [ 74  75  75]
  [ 79  79  79]
  [ 82  82  82]]]