[[[ 22  43  40]
  [ 25  47  43]
  [ 23  44  41]
  ..., 
  [123 133 133]
  [134 144 142]
  [145 154 153]]

 [[ 10  32  28]
  [ 15  36  33]
  [ 15  36  33]
  ..., 
  [ 93 102 102]
  [106 116 115]
  [107 117 116]]

 [[  0  19  15]
  [  5  27  23]
  [ 10  32  28]
  ..., 
  [ 56  65  66]
  [ 63  72  72]
  [ 62  71  71]]

 ..., 
 [[129 132 136]
  [129 132 136]
  [128 131 135]
  ..., 
  [ 57  57  57]
  [ 72  72  72]
  [ 76  76  76]]

 [[129 132 136]
  [129 132 136]
  [126 130 134]
  ..., 
  [ 78  78  78]
  [ 80  80  80]
  [ 86  86  86]]

 [[129 132 136]
  [129 132 136]
  [126 130 134]
  ..., 
  [ 78  78  78]
  [ 80  80  80]
  [ 86  86  86]]]