[[[ 20  40  35]
  [ 25  45  39]
  [ 22  42  37]
  ..., 
  [131 134 136]
  [137 141 143]
  [147 150 152]]

 [[ 14  34  29]
  [ 18  38  32]
  [ 19  39  33]
  ..., 
  [ 99 104 106]
  [104 110 111]
  [110 116 117]]

 [[  4  24  18]
  [  8  29  23]
  [ 17  37  31]
  ..., 
  [ 58  66  68]
  [ 60  68  69]
  [ 65  73  74]]

 ..., 
 [[  0 255   0]
  [ 12 239  10]
  [ 44 224  42]
  ..., 
  [ 63  63  63]
  [ 79  79  79]
  [ 85  85  85]]

 [[  0 255   0]
  [  5 241   4]
  [ 30 221  30]
  ..., 
  [ 80  80  81]
  [ 86  86  86]
  [ 85  85  85]]

 [[  0 255   0]
  [  7 240   6]
  [ 33 219  32]
  ..., 
  [ 80  80  81]
  [ 86  86  86]
  [ 85  85  85]]]