[[[ 20  40  35]
  [ 21  41  36]
  [ 22  42  37]
  ..., 
  [129 133 134]
  [136 140 141]
  [148 151 153]]

 [[ 14  34  29]
  [ 15  35  30]
  [ 19  39  33]
  ..., 
  [100 105 107]
  [105 111 112]
  [109 114 116]]

 [[  5  25  19]
  [  8  29  23]
  [ 18  38  32]
  ..., 
  [ 59  67  69]
  [ 61  69  70]
  [ 64  72  73]]

 ..., 
 [[  0 255   0]
  [ 21 242  11]
  [ 57 224  46]
  ..., 
  [ 60  61  61]
  [ 76  76  76]
  [ 82  82  82]]

 [[  0 255   0]
  [ 20 245   9]
  [ 58 232  45]
  ..., 
  [ 81  82  82]
  [ 86  86  86]
  [ 84  84  84]]

 [[  0 255   0]
  [ 21 244  11]
  [ 59 230  48]
  ..., 
  [ 81  82  82]
  [ 86  86  86]
  [ 84  84  84]]]