[[[ 24  42  37]
  [ 26  43  38]
  [ 26  43  38]
  ..., 
  [131 134 136]
  [143 147 148]
  [147 150 152]]

 [[ 16  34  29]
  [ 19  36  31]
  [ 22  40  35]
  ..., 
  [ 96 101 103]
  [104 110 111]
  [110 116 117]]

 [[  5  22  17]
  [ 10  28  23]
  [ 17  35  30]
  ..., 
  [ 58  66  68]
  [ 58  66  67]
  [ 60  68  69]]

 ..., 
 [[  0 255   8]
  [ 19 238  23]
  [ 48 222  49]
  ..., 
  [ 58  58  59]
  [ 72  72  72]
  [ 77  77  77]]

 [[  0 255   6]
  [ 16 240  22]
  [ 43 225  45]
  ..., 
  [ 83  83  83]
  [ 86  86  86]
  [ 83  83  83]]

 [[  0 255   6]
  [ 18 239  22]
  [ 45 223  47]
  ..., 
  [ 83  83  83]
  [ 86  86  86]
  [ 83  83  83]]]