[[[ 21  39  33]
  [ 27  44  39]
  [ 29  47  42]
  ..., 
  [128 132 133]
  [141 144 146]
  [144 148 150]]

 [[ 15  33  28]
  [ 20  37  32]
  [ 23  41  36]
  ..., 
  [ 95 100 102]
  [103 109 110]
  [109 114 116]]

 [[  3  21  16]
  [  9  27  22]
  [ 15  33  28]
  ..., 
  [ 59  67  69]
  [ 59  67  68]
  [ 61  70  70]]

 ..., 
 [[  0 252   5]
  [ 20 238  24]
  [ 48 222  49]
  ..., 
  [ 59  59  60]
  [ 71  71  71]
  [ 77  77  77]]

 [[  0 250   5]
  [ 17 239  23]
  [ 43 225  45]
  ..., 
  [ 81  82  82]
  [ 84  84  84]
  [ 85  85  85]]

 [[  0 250   5]
  [ 19 238  23]
  [ 45 223  47]
  ..., 
  [ 81  82  82]
  [ 84  84  84]
  [ 85  85  85]]]