[[[ 17  37  31]
  [ 22  42  37]
  [ 27  47  42]
  ..., 
  [132 135 137]
  [141 144 146]
  [144 148 150]]

 [[ 13  33  28]
  [ 17  37  31]
  [ 19  39  33]
  ..., 
  [ 94  99 101]
  [105 111 112]
  [112 118 119]]

 [[  5  25  19]
  [  8  29  23]
  [ 11  31  25]
  ..., 
  [ 53  61  63]
  [ 62  71  72]
  [ 68  76  77]]

 ..., 
 [[  3 255  15]
  [ 16 239  24]
  [ 46 223  48]
  ..., 
  [ 51  51  52]
  [ 66  66  66]
  [ 85  85  85]]

 [[  0 254   7]
  [ 10 238  20]
  [ 42 227  44]
  ..., 
  [ 79  79  79]
  [ 84  84  84]
  [ 87  87  87]]

 [[  0 254   7]
  [ 12 237  21]
  [ 45 226  46]
  ..., 
  [ 79  79  79]
  [ 84  84  84]
  [ 87  87  87]]]