[[[ 17  37  31]
  [ 26  46  40]
  [ 26  46  40]
  ..., 
  [133 136 138]
  [141 144 146]
  [150 154 155]]

 [[ 10  30  24]
  [ 17  37  31]
  [ 15  35  30]
  ..., 
  [ 94  99 101]
  [ 99 105 106]
  [109 114 116]]

 [[  5  25  19]
  [  6  26  21]
  [ 10  30  24]
  ..., 
  [ 56  63  65]
  [ 54  62  63]
  [ 60  68  69]]

 ..., 
 [[  0 255   3]
  [ 17 243  20]
  [ 43 223  41]
  ..., 
  [ 48  48  48]
  [ 68  68  68]
  [ 84  84  84]]

 [[  0 255   2]
  [ 11 244  16]
  [ 38 229  38]
  ..., 
  [ 77  77  77]
  [ 85  85  85]
  [ 85  85  85]]

 [[  0 255   3]
  [ 13 243  17]
  [ 41 227  40]
  ..., 
  [ 77  77  77]
  [ 85  85  85]
  [ 85  85  85]]]