[[[ 17  37  31]
  [ 25  45  39]
  [ 22  42  37]
  ..., 
  [133 136 138]
  [141 144 146]
  [147 150 152]]

 [[ 12  32  26]
  [ 18  38  32]
  [ 17  37  31]
  ..., 
  [ 94  99 101]
  [102 107 109]
  [109 114 116]]

 [[  4  24  18]
  [  7  27  22]
  [ 11  31  25]
  ..., 
  [ 56  63  65]
  [ 55  64  65]
  [ 59  67  68]]

 ..., 
 [[131 130 132]
  [132 132 135]
  [132 134 136]
  ..., 
  [ 49  49  49]
  [ 64  64  64]
  [ 84  84  84]]

 [[133 132 134]
  [134 134 137]
  [135 137 139]
  ..., 
  [ 77  77  77]
  [ 80  80  80]
  [ 85  85  85]]

 [[133 132 134]
  [134 134 137]
  [135 137 139]
  ..., 
  [ 77  77  77]
  [ 80  80  80]
  [ 85  85  85]]]