[[[ 20  37  32]
  [ 28  46  40]
  [ 26  43  38]
  ..., 
  [129 133 134]
  [139 142 144]
  [144 148 150]]

 [[ 15  33  28]
  [ 21  39  33]
  [ 20  37  32]
  ..., 
  [ 97 103 104]
  [102 107 109]
  [106 112 113]]

 [[  6  23  18]
  [ 12  29  24]
  [ 14  32  26]
  ..., 
  [ 57  64  66]
  [ 58  66  67]
  [ 60  68  69]]

 ..., 
 [[132 130 135]
  [133 132 137]
  [131 132 136]
  ..., 
  [ 53  54  54]
  [ 70  70  70]
  [ 79  79  79]]

 [[135 134 138]
  [135 135 140]
  [133 134 138]
  ..., 
  [ 80  80  81]
  [ 83  83  83]
  [ 83  83  83]]

 [[135 134 138]
  [135 135 140]
  [133 134 138]
  ..., 
  [ 80  80  81]
  [ 83  83  83]
  [ 83  83  83]]]