[[[ 19  35  33]
  [ 25  41  39]
  [ 27  44  41]
  ..., 
  [134 132 134]
  [138 137 139]
  [148 147 150]]

 [[ 14  32  29]
  [ 15  33  30]
  [ 19  37  34]
  ..., 
  [101 101 103]
  [105 105 108]
  [109 109 111]]

 [[  5  24  21]
  [  8  28  25]
  [ 12  31  28]
  ..., 
  [ 58  60  62]
  [ 61  64  66]
  [ 62  65  67]]

 ..., 
 [[131 135 137]
  [131 135 137]
  [131 135 137]
  ..., 
  [ 56  56  56]
  [ 68  68  68]
  [ 76  76  76]]

 [[131 135 137]
  [131 135 137]
  [131 135 137]
  ..., 
  [ 76  76  76]
  [ 80  80  80]
  [ 84  84  84]]

 [[131 135 137]
  [131 135 137]
  [131 135 137]
  ..., 
  [ 76  76  76]
  [ 80  80  80]
  [ 84  84  84]]]