[[[ 17  36  33]
  [ 23  42  39]
  [ 25  44  41]
  ..., 
  [138 137 139]
  [140 139 141]
  [150 148 151]]

 [[ 12  33  29]
  [ 13  34  30]
  [ 17  37  34]
  ..., 
  [105 105 108]
  [107 108 110]
  [110 110 112]]

 [[  3  25  21]
  [  6  28  25]
  [ 10  32  28]
  ..., 
  [ 62  65  67]
  [ 63  66  68]
  [ 63  66  68]]

 ..., 
 [[131 134 138]
  [131 134 138]
  [131 134 138]
  ..., 
  [ 55  55  55]
  [ 71  71  71]
  [ 75  75  75]]

 [[131 134 138]
  [131 134 138]
  [131 134 138]
  ..., 
  [ 78  78  78]
  [ 82  82  82]
  [ 89  89  89]]

 [[131 134 138]
  [131 134 138]
  [131 134 138]
  ..., 
  [ 78  78  78]
  [ 82  82  82]
  [ 89  89  89]]]