[[[ 17  36  33]
  [ 23  42  39]
  [ 25  44  41]
  ..., 
  [138 136 139]
  [140 139 141]
  [151 149 152]]

 [[ 12  33  29]
  [ 13  34  30]
  [ 17  37  34]
  ..., 
  [106 106 109]
  [109 109 111]
  [110 110 112]]

 [[  3  25  21]
  [  6  28  25]
  [ 10  32  28]
  ..., 
  [ 64  66  68]
  [ 65  67  69]
  [ 63  66  68]]

 ..., 
 [[131 134 138]
  [131 134 138]
  [131 134 138]
  ..., 
  [ 59  59  60]
  [ 73  73  73]
  [ 78  78  78]]

 [[131 134 138]
  [131 134 138]
  [131 134 138]
  ..., 
  [ 73  73  74]
  [ 78  78  78]
  [ 83  83  83]]

 [[131 134 138]
  [131 134 138]
  [131 134 138]
  ..., 
  [ 73  73  74]
  [ 78  78  78]
  [ 83  83  83]]]