[[[ 15  35  30]
  [ 23  42  37]
  [ 25  45  39]
  ..., 
  [136 134 137]
  [139 138 140]
  [153 152 154]]

 [[ 11  32  26]
  [ 13  35  29]
  [ 17  38  32]
  ..., 
  [106 106 109]
  [110 110 112]
  [110 110 112]]

 [[  2  24  18]
  [  6  29  23]
  [ 10  32  26]
  ..., 
  [ 65  67  69]
  [ 67  70  72]
  [ 62  65  67]]

 ..., 
 [[131 134 138]
  [131 134 138]
  [131 134 138]
  ..., 
  [ 59  59  60]
  [ 68  68  68]
  [ 76  76  76]]

 [[131 134 138]
  [131 134 138]
  [131 134 138]
  ..., 
  [ 77  77  77]
  [ 82  82  82]
  [ 83  83  83]]

 [[131 134 138]
  [131 134 138]
  [131 134 138]
  ..., 
  [ 77  77  77]
  [ 82  82  82]
  [ 83  83  83]]]