[[[ 20  40  35]
  [ 19  39  33]
  [ 22  42  37]
  ..., 
  [139 138 140]
  [140 139 141]
  [147 146 148]]

 [[ 12  33  28]
  [ 13  35  29]
  [ 18  39  33]
  ..., 
  [104 104 106]
  [110 110 112]
  [107 108 110]]

 [[  1  23  17]
  [  3  25  19]
  [ 11  34  28]
  ..., 
  [ 65  67  69]
  [ 66  69  70]
  [ 59  62  63]]

 ..., 
 [[131 134 138]
  [131 134 138]
  [131 134 138]
  ..., 
  [ 63  63  63]
  [ 71  71  71]
  [ 83  83  83]]

 [[131 134 138]
  [131 134 138]
  [131 134 138]
  ..., 
  [ 76  76  76]
  [ 80  80  80]
  [ 80  80  80]]

 [[131 134 138]
  [131 134 138]
  [131 134 138]
  ..., 
  [ 76  76  76]
  [ 80  80  80]
  [ 80  80  80]]]