[[[ 19  38  35]
  [ 21  40  37]
  [ 24  43  40]
  ..., 
  [139 138 140]
  [140 139 141]
  [147 146 148]]

 [[ 12  33  29]
  [ 12  33  29]
  [ 16  36  33]
  ..., 
  [105 105 108]
  [112 112 115]
  [112 112 115]]

 [[  1  22  19]
  [  0  22  19]
  [  9  30  27]
  ..., 
  [ 62  65  67]
  [ 70  73  75]
  [ 65  67  69]]

 ..., 
 [[131 134 138]
  [131 134 138]
  [131 134 138]
  ..., 
  [ 60  61  61]
  [ 69  69  69]
  [ 86  86  86]]

 [[131 134 138]
  [131 134 138]
  [131 134 138]
  ..., 
  [ 76  76  76]
  [ 82  82  82]
  [ 82  82  82]]

 [[131 134 138]
  [131 134 138]
  [131 134 138]
  ..., 
  [ 76  76  76]
  [ 82  82  82]
  [ 82  82  82]]]