[[[ 20  37  32]
  [ 23  41  36]
  [ 27  44  39]
  ..., 
  [138 137 139]
  [143 141 144]
  [151 149 152]]

 [[ 14  33  28]
  [ 15  34  29]
  [ 18  36  31]
  ..., 
  [102 102 104]
  [111 111 113]
  [111 111 113]]

 [[  4  24  18]
  [  3  23  17]
  [ 11  31  25]
  ..., 
  [ 58  60  62]
  [ 66  69  70]
  [ 60  63  65]]

 ..., 
 [[131 134 138]
  [131 134 138]
  [130 133 137]
  ..., 
  [ 62  62  62]
  [ 70  70  70]
  [ 86  86  86]]

 [[131 134 138]
  [131 134 138]
  [130 133 137]
  ..., 
  [ 79  79  80]
  [ 85  85  85]
  [ 82  82  82]]

 [[131 134 138]
  [131 134 138]
  [130 133 137]
  ..., 
  [ 79  79  80]
  [ 85  85  85]
  [ 82  82  82]]]