[[[ 18  37  34]
  [ 21  40  37]
  [ 25  44  41]
  ..., 
  [136 134 137]
  [143 141 144]
  [153 152 154]]

 [[ 12  33  29]
  [ 13  34  30]
  [ 16  36  33]
  ..., 
  [101 101 103]
  [111 111 113]
  [111 111 113]]

 [[  2  23  20]
  [  0  22  19]
  [  9  30  27]
  ..., 
  [ 59  62  63]
  [ 66  69  70]
  [ 60  63  65]]

 ..., 
 [[130 134 136]
  [131 135 137]
  [131 135 137]
  ..., 
  [ 56  56  56]
  [ 63  63  63]
  [ 79  79  79]]

 [[130 134 136]
  [131 135 137]
  [131 135 137]
  ..., 
  [ 81  82  82]
  [ 85  85  85]
  [ 85  85  85]]

 [[130 134 136]
  [131 135 137]
  [131 135 137]
  ..., 
  [ 81  82  82]
  [ 85  85  85]
  [ 85  85  85]]]