[[[ 20  37  34]
  [ 23  40  37]
  [ 27  44  41]
  ..., 
  [134 132 134]
  [144 142 145]
  [155 154 157]]

 [[ 14  32  29]
  [ 15  33  30]
  [ 18  36  33]
  ..., 
  [ 99 100 102]
  [111 111 113]
  [111 111 113]]

 [[  4  23  20]
  [  3  22  19]
  [ 11  30  27]
  ..., 
  [ 60  63  65]
  [ 65  67  69]
  [ 58  60  62]]

 ..., 
 [[130 134 136]
  [131 135 137]
  [131 135 137]
  ..., 
  [ 63  63  63]
  [ 69  69  69]
  [ 83  83  83]]

 [[130 134 136]
  [131 135 137]
  [131 135 137]
  ..., 
  [ 77  77  77]
  [ 79  79  79]
  [ 80  80  80]]

 [[130 134 136]
  [131 135 137]
  [131 135 137]
  ..., 
  [ 77  77  77]
  [ 79  79  79]
  [ 80  80  80]]]