[[[ 21  38  35]
  [ 25  41  39]
  [ 28  45  42]
  ..., 
  [135 133 136]
  [144 142 145]
  [155 154 157]]

 [[ 15  33  30]
  [ 16  34  32]
  [ 19  37  34]
  ..., 
  [101 101 103]
  [111 111 113]
  [111 111 113]]

 [[  5  24  21]
  [  4  23  20]
  [ 12  31  28]
  ..., 
  [ 60  63  65]
  [ 63  66  68]
  [ 59  62  63]]

 ..., 
 [[130 134 136]
  [131 135 137]
  [131 135 137]
  ..., 
  [ 64  64  64]
  [ 71  71  71]
  [ 85  85  85]]

 [[130 134 136]
  [131 135 137]
  [131 135 137]
  ..., 
  [ 77  77  77]
  [ 80  80  80]
  [ 82  82  82]]

 [[130 134 136]
  [131 135 137]
  [131 135 137]
  ..., 
  [ 77  77  77]
  [ 80  80  80]
  [ 82  82  82]]]