[[[ 18  39  31]
  [ 27  48  40]
  [ 25  46  38]
  ..., 
  [129 133 137]
  [141 146 150]
  [156 161 165]]

 [[ 12  33  25]
  [ 18  39  31]
  [ 18  39  31]
  ..., 
  [101 107 111]
  [106 113 116]
  [112 119 122]]

 [[  3  23  16]
  [  5  26  18]
  [ 11  32  24]
  ..., 
  [ 53  60  64]
  [ 58  65  69]
  [ 58  65  69]]

 ..., 
 [[133 135 137]
  [133 135 137]
  [132 134 136]
  ..., 
  [ 71  70  70]
  [ 82  82  82]
  [ 88  89  89]]

 [[132 134 136]
  [132 134 136]
  [130 131 133]
  ..., 
  [ 80  79  79]
  [ 78  78  78]
  [ 80  80  80]]

 [[132 134 136]
  [132 134 136]
  [130 131 133]
  ..., 
  [ 80  79  79]
  [ 78  78  78]
  [ 80  80  80]]]