[[[ 21  40  37]
  [ 24  43  40]
  [ 26  45  42]
  ..., 
  [136 134 137]
  [151 149 152]
  [152 151 153]]

 [[ 13  34  30]
  [ 17  37  34]
  [ 18  38  35]
  ..., 
  [105 105 108]
  [112 112 115]
  [116 116 118]]

 [[  1  22  19]
  [  2  23  20]
  [ 10  32  28]
  ..., 
  [ 62  65  67]
  [ 65  67  69]
  [ 65  67  69]]

 ..., 
 [[130 134 136]
  [129 133 134]
  [129 133 134]
  ..., 
  [ 62  62  62]
  [ 76  76  76]
  [ 87  87  87]]

 [[131 135 137]
  [128 132 133]
  [128 132 133]
  ..., 
  [ 72  72  73]
  [ 84  84  84]
  [ 84  84  84]]

 [[131 135 137]
  [128 132 133]
  [128 132 133]
  ..., 
  [ 72  72  73]
  [ 84  84  84]
  [ 84  84  84]]]