[[[ 20  39  36]
  [ 24  43  40]
  [ 28  47  44]
  ..., 
  [132 131 133]
  [151 149 152]
  [155 154 157]]

 [[ 12  33  29]
  [ 16  36  33]
  [ 19  40  36]
  ..., 
  [103 103 105]
  [112 112 115]
  [117 117 119]]

 [[  1  22  19]
  [  3  25  21]
  [ 11  33  29]
  ..., 
  [ 61  64  66]
  [ 68  71  73]
  [ 68  71  73]]

 ..., 
 [[130 134 136]
  [129 133 134]
  [129 133 134]
  ..., 
  [ 65  65  66]
  [ 77  77  77]
  [ 90  90  90]]

 [[131 135 137]
  [128 132 133]
  [128 132 133]
  ..., 
  [ 76  76  76]
  [ 84  84  84]
  [ 84  84  84]]

 [[131 135 137]
  [128 132 133]
  [128 132 133]
  ..., 
  [ 76  76  76]
  [ 84  84  84]
  [ 84  84  84]]]