[[[ 18  37  34]
  [ 24  43  40]
  [ 28  47  44]
  ..., 
  [134 132 134]
  [146 145 147]
  [152 151 153]]

 [[ 12  33  29]
  [ 17  37  34]
  [ 19  40  36]
  ..., 
  [103 103 105]
  [111 111 113]
  [117 117 119]]

 [[  3  25  21]
  [  6  28  25]
  [ 12  34  30]
  ..., 
  [ 62  65  67]
  [ 69  72  74]
  [ 69  72  74]]

 ..., 
 [[128 132 133]
  [126 130 132]
  [126 130 132]
  ..., 
  [ 68  68  68]
  [ 79  79  79]
  [ 94  94  94]]

 [[129 133 134]
  [125 129 131]
  [125 129 131]
  ..., 
  [ 80  80  81]
  [ 85  85  85]
  [ 84  84  84]]

 [[129 133 134]
  [125 129 131]
  [125 129 131]
  ..., 
  [ 80  80  81]
  [ 85  85  85]
  [ 84  84  84]]]