[[[ 18  37  34]
  [ 24  43  40]
  [ 27  46  43]
  ..., 
  [134 132 134]
  [146 145 147]
  [152 151 153]]

 [[ 13  34  30]
  [ 17  37  34]
  [ 18  38  35]
  ..., 
  [103 103 105]
  [111 111 113]
  [117 117 119]]

 [[  5  27  23]
  [  7  29  26]
  [ 12  34  30]
  ..., 
  [ 62  65  67]
  [ 69  72  74]
  [ 69  72  74]]

 ..., 
 [[128 134 136]
  [127 133 134]
  [127 133 134]
  ..., 
  [ 64  64  64]
  [ 73  73  73]
  [ 87  87  87]]

 [[129 136 137]
  [126 132 133]
  [126 132 133]
  ..., 
  [ 78  78  78]
  [ 83  83  83]
  [ 82  82  82]]

 [[129 136 137]
  [126 132 133]
  [126 132 133]
  ..., 
  [ 78  78  78]
  [ 83  83  83]
  [ 82  82  82]]]