[[[ 22  37  32]
  [ 28  43  38]
  [ 31  46  42]
  ..., 
  [132 131 133]
  [147 146 148]
  [153 152 154]]

 [[ 17  34  29]
  [ 21  37  32]
  [ 22  38  33]
  ..., 
  [102 102 104]
  [112 112 115]
  [117 117 119]]

 [[  8  26  21]
  [ 10  28  23]
  [ 15  33  28]
  ..., 
  [ 65  67  69]
  [ 67  70  72]
  [ 68  71  73]]

 ..., 
 [[128 134 137]
  [127 132 136]
  [127 132 136]
  ..., 
  [ 64  64  64]
  [ 73  73  73]
  [ 87  87  87]]

 [[129 135 138]
  [126 131 135]
  [126 131 135]
  ..., 
  [ 78  78  78]
  [ 83  83  83]
  [ 82  82  82]]

 [[129 135 138]
  [126 131 135]
  [126 131 135]
  ..., 
  [ 78  78  78]
  [ 83  83  83]
  [ 82  82  82]]]