[[[ 22  40  35]
  [ 28  46  40]
  [ 28  46  40]
  ..., 
  [123 129 132]
  [135 141 143]
  [143 150 151]]

 [[ 12  29  24]
  [ 17  35  30]
  [ 21  39  33]
  ..., 
  [ 96 102 105]
  [101 107 109]
  [103 110 111]]

 [[  1  19  14]
  [  8  26  21]
  [ 13  30  25]
  ..., 
  [ 61  68  72]
  [ 62  70  73]
  [ 60  68  70]]

 ..., 
 [[129 132 136]
  [129 132 136]
  [129 132 136]
  ..., 
  [ 63  63  63]
  [ 75  75  75]
  [ 77  77  77]]

 [[129 132 136]
  [129 132 136]
  [129 132 136]
  ..., 
  [ 77  77  77]
  [ 84  84  84]
  [ 80  80  80]]

 [[129 132 136]
  [129 132 136]
  [129 132 136]
  ..., 
  [ 77  77  77]
  [ 84  84  84]
  [ 80  80  80]]]