[[[ 21  38  35]
  [ 26  42  40]
  [ 27  44  41]
  ..., 
  [120 129 131]
  [131 139 140]
  [141 150 151]]

 [[ 12  28  26]
  [ 16  33  30]
  [ 21  38  35]
  ..., 
  [ 93 102 104]
  [ 99 108 109]
  [102 111 113]]

 [[  2  19  16]
  [  8  25  22]
  [ 14  31  28]
  ..., 
  [ 61  71  75]
  [ 55  65  67]
  [ 58  68  70]]

 ..., 
 [[131 132 134]
  [131 132 134]
  [131 132 134]
  ..., 
  [ 65  65  66]
  [ 79  79  79]
  [ 83  83  83]]

 [[131 132 134]
  [131 132 134]
  [131 132 134]
  ..., 
  [ 76  76  76]
  [ 82  82  82]
  [ 80  80  80]]

 [[131 132 134]
  [131 132 134]
  [131 132 134]
  ..., 
  [ 76  76  76]
  [ 82  82  82]
  [ 80  80  80]]]