[[[ 17  39  35]
  [ 24  46  42]
  [ 23  44  41]
  ..., 
  [122 128 131]
  [133 139 140]
  [142 148 149]]

 [[  8  29  26]
  [ 15  36  33]
  [ 17  38  35]
  ..., 
  [ 96 102 105]
  [102 109 110]
  [105 112 114]]

 [[  0  18  15]
  [  7  27  23]
  [ 11  31  28]
  ..., 
  [ 65  72  76]
  [ 58  65  68]
  [ 62  70  73]]

 ..., 
 [[129 132 136]
  [129 132 136]
  [129 132 136]
  ..., 
  [ 64  64  64]
  [ 78  78  78]
  [ 82  82  82]]

 [[129 132 136]
  [129 132 136]
  [129 132 136]
  ..., 
  [ 77  77  77]
  [ 83  83  83]
  [ 82  82  82]]

 [[129 132 136]
  [129 132 136]
  [129 132 136]
  ..., 
  [ 77  77  77]
  [ 83  83  83]
  [ 82  82  82]]]