[[[ 17  39  33]
  [ 24  46  40]
  [ 23  45  39]
  ..., 
  [123 129 132]
  [134 140 141]
  [143 150 151]]

 [[  8  30  24]
  [ 15  37  31]
  [ 17  39  33]
  ..., 
  [ 97 104 107]
  [103 110 112]
  [106 113 115]]

 [[  0  19  14]
  [  7  27  22]
  [ 11  32  26]
  ..., 
  [ 66  73  77]
  [ 59  67  69]
  [ 64  71  74]]

 ..., 
 [[129 132 136]
  [128 131 135]
  [128 131 135]
  ..., 
  [ 59  59  60]
  [ 73  73  73]
  [ 79  79  79]]

 [[129 132 136]
  [126 130 134]
  [128 131 135]
  ..., 
  [ 76  76  76]
  [ 82  82  82]
  [ 82  82  82]]

 [[129 132 136]
  [126 130 134]
  [128 131 135]
  ..., 
  [ 76  76  76]
  [ 82  82  82]
  [ 82  82  82]]]