[[[ 16  38  32]
  [ 24  46  40]
  [ 23  45  39]
  ..., 
  [124 131 131]
  [133 140 139]
  [143 150 149]]

 [[  9  31  25]
  [ 15  37  31]
  [ 17  39  33]
  ..., 
  [ 96 103 104]
  [104 112 111]
  [106 114 113]]

 [[  0  20  15]
  [  7  27  22]
  [ 11  32  26]
  ..., 
  [ 63  72  73]
  [ 61  70  70]
  [ 62  71  71]]

 ..., 
 [[129 132 136]
  [128 131 135]
  [128 131 135]
  ..., 
  [ 57  57  57]
  [ 70  70  70]
  [ 78  78  78]]

 [[129 132 136]
  [126 130 134]
  [128 131 135]
  ..., 
  [ 76  76  76]
  [ 79  79  79]
  [ 83  83  83]]

 [[129 132 136]
  [126 130 134]
  [128 131 135]
  ..., 
  [ 76  76  76]
  [ 79  79  79]
  [ 83  83  83]]]