[[[ 16  38  32]
  [ 24  46  40]
  [ 23  45  39]
  ..., 
  [124 130 133]
  [133 139 140]
  [143 150 151]]

 [[  9  31  25]
  [ 16  38  32]
  [ 17  39  33]
  ..., 
  [ 97 104 107]
  [103 110 112]
  [106 113 115]]

 [[  1  22  16]
  [  7  27  22]
  [ 11  32  26]
  ..., 
  [ 62  70  74]
  [ 62  70  73]
  [ 62  70  73]]

 ..., 
 [[129 132 136]
  [128 131 135]
  [128 131 135]
  ..., 
  [ 57  57  57]
  [ 70  70  70]
  [ 78  78  78]]

 [[129 132 136]
  [126 130 134]
  [128 131 135]
  ..., 
  [ 76  76  76]
  [ 79  79  79]
  [ 83  83  83]]

 [[129 132 136]
  [126 130 134]
  [128 131 135]
  ..., 
  [ 76  76  76]
  [ 79  79  79]
  [ 83  83  83]]]