[[[ 17  39  33]
  [ 24  46  40]
  [ 23  45  39]
  ..., 
  [124 131 131]
  [133 140 139]
  [143 150 149]]

 [[  9  31  25]
  [ 15  37  31]
  [ 16  38  32]
  ..., 
  [ 97 104 105]
  [103 111 110]
  [106 114 113]]

 [[  2  23  17]
  [  7  27  22]
  [ 11  32  26]
  ..., 
  [ 62  70  72]
  [ 62  71  71]
  [ 62  71  71]]

 ..., 
 [[130 133 137]
  [128 131 135]
  [126 130 134]
  ..., 
  [ 57  57  57]
  [ 70  70  70]
  [ 78  78  78]]

 [[130 133 137]
  [126 130 134]
  [126 130 134]
  ..., 
  [ 76  76  76]
  [ 79  79  79]
  [ 83  83  83]]

 [[130 133 137]
  [126 130 134]
  [126 130 134]
  ..., 
  [ 76  76  76]
  [ 79  79  79]
  [ 83  83  83]]]