[[[ 19  39  33]
  [ 26  46  40]
  [ 25  45  39]
  ..., 
  [123 130 130]
  [131 139 137]
  [143 150 149]]

 [[ 11  31  25]
  [ 17  37  31]
  [ 18  38  32]
  ..., 
  [ 91  99  99]
  [101 108 108]
  [105 113 112]]

 [[  4  22  17]
  [  9  27  22]
  [ 13  32  26]
  ..., 
  [ 56  65  66]
  [ 61  70  70]
  [ 64  72  72]]

 ..., 
 [[129 133 134]
  [128 132 133]
  [128 132 133]
  ..., 
  [ 55  55  55]
  [ 64  64  64]
  [ 73  73  73]]

 [[129 133 134]
  [126 130 132]
  [128 132 133]
  ..., 
  [ 81  82  82]
  [ 79  79  79]
  [ 83  83  83]]

 [[129 133 134]
  [126 130 132]
  [128 132 133]
  ..., 
  [ 81  82  82]
  [ 79  79  79]
  [ 83  83  83]]]