[[[ 19  42  36]
  [ 23  45  39]
  [ 19  42  36]
  ..., 
  [123 130 130]
  [135 142 141]
  [145 153 151]]

 [[  8  30  24]
  [ 14  36  30]
  [ 13  35  29]
  ..., 
  [ 93 100 100]
  [103 111 110]
  [105 113 112]]

 [[  2  23  17]
  [  3  24  18]
  [  7  27  22]
  ..., 
  [ 56  65  66]
  [ 58  66  67]
  [ 59  67  68]]

 ..., 
 [[130 134 136]
  [129 133 134]
  [129 133 134]
  ..., 
  [ 57  57  57]
  [ 69  69  69]
  [ 76  76  76]]

 [[130 134 136]
  [128 132 133]
  [129 133 134]
  ..., 
  [ 77  77  77]
  [ 77  77  77]
  [ 80  80  80]]

 [[130 134 136]
  [128 132 133]
  [129 133 134]
  ..., 
  [ 77  77  77]
  [ 77  77  77]
  [ 80  80  80]]]