[[[ 20  40  35]
  [ 26  46  40]
  [ 24  44  38]
  ..., 
  [124 130 133]
  [136 142 144]
  [144 151 152]]

 [[ 10  30  24]
  [ 16  35  30]
  [ 16  35  30]
  ..., 
  [ 93  99 102]
  [103 110 112]
  [105 112 114]]

 [[  4  22  17]
  [  6  25  19]
  [ 11  29  24]
  ..., 
  [ 56  64  68]
  [ 58  65  68]
  [ 59  67  69]]

 ..., 
 [[130 134 136]
  [129 133 134]
  [129 133 134]
  ..., 
  [ 57  57  57]
  [ 69  69  69]
  [ 76  76  76]]

 [[130 134 136]
  [128 132 133]
  [129 133 134]
  ..., 
  [ 77  77  77]
  [ 77  77  77]
  [ 80  80  80]]

 [[130 134 136]
  [128 132 133]
  [129 133 134]
  ..., 
  [ 77  77  77]
  [ 77  77  77]
  [ 80  80  80]]]