[[[ 19  39  33]
  [ 22  42  37]
  [ 21  41  36]
  ..., 
  [124 134 133]
  [131 140 139]
  [145 154 153]]

 [[ 10  30  24]
  [ 15  35  30]
  [ 17  37  31]
  ..., 
  [ 94 104 103]
  [100 110 108]
  [104 113 112]]

 [[  3  23  17]
  [  7  27  22]
  [ 14  34  29]
  ..., 
  [ 55  65  63]
  [ 62  72  70]
  [ 60  69  68]]

 ..., 
 [[129 136 137]
  [129 136 137]
  [128 134 136]
  ..., 
  [ 68  69  69]
  [ 81  83  83]
  [ 91  94  93]]

 [[129 136 137]
  [129 136 137]
  [128 134 136]
  ..., 
  [ 78  79  79]
  [ 80  82  82]
  [ 83  86  85]]

 [[129 136 137]
  [129 136 137]
  [128 134 136]
  ..., 
  [ 78  79  79]
  [ 80  82  82]
  [ 83  86  85]]]