[[[ 13  36  30]
  [ 18  41  35]
  [ 20  43  37]
  ..., 
  [126 132 134]
  [133 139 140]
  [145 152 153]]

 [[  7  29  23]
  [  9  31  25]
  [ 14  36  30]
  ..., 
  [ 95 101 104]
  [101 107 109]
  [108 115 116]]

 [[  2  23  17]
  [  7  27  22]
  [ 10  31  25]
  ..., 
  [ 54  61  66]
  [ 62  70  73]
  [ 62  70  73]]

 ..., 
 [[130 134 136]
  [130 134 136]
  [130 134 136]
  ..., 
  [ 68  67  68]
  [ 80  80  80]
  [ 91  91  91]]

 [[130 134 136]
  [130 134 136]
  [130 134 136]
  ..., 
  [ 76  76  76]
  [ 79  79  79]
  [ 80  80  80]]

 [[130 134 136]
  [130 134 136]
  [130 134 136]
  ..., 
  [ 76  76  76]
  [ 79  79  79]
  [ 80  80  80]]]