[[[ 15  35  30]
  [ 20  40  35]
  [ 22  42  37]
  ..., 
  [128 134 136]
  [137 144 145]
  [148 154 155]]

 [[  9  28  23]
  [ 11  31  25]
  [ 16  35  30]
  ..., 
  [ 96 102 105]
  [103 110 112]
  [109 116 117]]

 [[  4  22  17]
  [  9  27  22]
  [ 12  31  25]
  ..., 
  [ 53  60  64]
  [ 60  68  70]
  [ 61  69  71]]

 ..., 
 [[130 134 136]
  [130 134 136]
  [130 134 136]
  ..., 
  [ 68  67  68]
  [ 80  80  80]
  [ 91  91  91]]

 [[130 134 136]
  [130 134 136]
  [130 134 136]
  ..., 
  [ 77  77  77]
  [ 80  80  80]
  [ 82  82  82]]

 [[130 134 136]
  [130 134 136]
  [130 134 136]
  ..., 
  [ 77  77  77]
  [ 80  80  80]
  [ 82  82  82]]]