[[[ 13  36  30]
  [ 18  41  35]
  [ 20  43  37]
  ..., 
  [127 133 135]
  [134 140 141]
  [144 151 152]]

 [[  7  29  23]
  [  9  31  25]
  [ 14  36  30]
  ..., 
  [ 96 102 105]
  [102 109 110]
  [109 116 117]]

 [[  2  23  17]
  [  7  27  22]
  [ 10  31  25]
  ..., 
  [ 53  60  64]
  [ 61  69  72]
  [ 64  71  74]]

 ..., 
 [[130 134 136]
  [130 134 136]
  [130 134 136]
  ..., 
  [ 65  65  66]
  [ 78  78  78]
  [ 90  90  90]]

 [[130 134 136]
  [130 134 136]
  [130 134 136]
  ..., 
  [ 79  79  80]
  [ 83  83  83]
  [ 83  83  83]]

 [[130 134 136]
  [130 134 136]
  [130 134 136]
  ..., 
  [ 79  79  80]
  [ 83  83  83]
  [ 83  83  83]]]