[[[ 13  36  30]
  [ 18  41  35]
  [ 20  43  37]
  ..., 
  [127 133 135]
  [134 140 141]
  [143 150 151]]

 [[  7  29  23]
  [  9  31  25]
  [ 14  36  30]
  ..., 
  [ 96 102 105]
  [102 109 110]
  [110 117 118]]

 [[  2  23  17]
  [  7  27  22]
  [ 10  31  25]
  ..., 
  [ 53  60  64]
  [ 61  69  72]
  [ 65  72  75]]

 ..., 
 [[130 135 134]
  [130 135 134]
  [130 135 134]
  ..., 
  [ 62  62  62]
  [ 75  75  75]
  [ 87  87  87]]

 [[130 135 134]
  [130 135 134]
  [130 135 134]
  ..., 
  [ 77  77  77]
  [ 80  80  80]
  [ 83  83  83]]

 [[130 135 134]
  [130 135 134]
  [130 135 134]
  ..., 
  [ 77  77  77]
  [ 80  80  80]
  [ 83  83  83]]]