[[[ 17  39  33]
  [ 22  44  38]
  [ 23  45  39]
  ..., 
  [127 133 135]
  [134 140 141]
  [143 150 151]]

 [[  7  29  23]
  [ 12  33  28]
  [ 16  38  32]
  ..., 
  [ 96 102 105]
  [102 109 110]
  [110 117 118]]

 [[  2  23  17]
  [  7  27  22]
  [ 11  32  26]
  ..., 
  [ 53  60  64]
  [ 61  69  72]
  [ 65  72  75]]

 ..., 
 [[130 134 136]
  [130 134 136]
  [130 134 136]
  ..., 
  [ 61  61  61]
  [ 73  73  73]
  [ 86  86  86]]

 [[130 134 136]
  [130 134 136]
  [130 134 136]
  ..., 
  [ 77  77  77]
  [ 80  80  80]
  [ 83  83  83]]

 [[130 134 136]
  [130 134 136]
  [130 134 136]
  ..., 
  [ 77  77  77]
  [ 80  80  80]
  [ 83  83  83]]]