[[[ 18  38  32]
  [ 22  42  37]
  [ 26  46  40]
  ..., 
  [123 128 134]
  [133 137 143]
  [138 143 149]]

 [[ 14  34  29]
  [ 19  39  33]
  [ 21  41  36]
  ..., 
  [ 96 101 108]
  [101 106 112]
  [104 110 115]]

 [[  6  26  21]
  [ 11  31  25]
  [ 13  33  28]
  ..., 
  [ 60  67  73]
  [ 60  67  72]
  [ 61  68  74]]

 ..., 
 [[131 134 138]
  [130 133 137]
  [128 131 135]
  ..., 
  [ 55  55  55]
  [ 66  66  66]
  [ 76  76  76]]

 [[129 132 136]
  [129 132 136]
  [129 132 136]
  ..., 
  [ 76  76  76]
  [ 78  78  78]
  [ 79  79  79]]

 [[129 132 136]
  [129 132 136]
  [129 132 136]
  ..., 
  [ 76  76  76]
  [ 78  78  78]
  [ 79  79  79]]]