[[[ 19  39  33]
  [ 22  42  37]
  [ 26  46  40]
  ..., 
  [123 128 134]
  [133 137 143]
  [138 143 149]]

 [[ 14  34  29]
  [ 17  37  31]
  [ 21  41  36]
  ..., 
  [ 96 101 108]
  [101 106 112]
  [104 110 115]]

 [[  7  27  22]
  [  6  26  21]
  [ 12  32  26]
  ..., 
  [ 60  67  73]
  [ 60  67  72]
  [ 61  68  74]]

 ..., 
 [[129 135 138]
  [128 134 137]
  [126 131 135]
  ..., 
  [ 57  57  57]
  [ 66  66  66]
  [ 75  75  75]]

 [[127 132 136]
  [127 132 136]
  [127 132 136]
  ..., 
  [ 77  77  77]
  [ 82  82  82]
  [ 82  82  82]]

 [[127 132 136]
  [127 132 136]
  [127 132 136]
  ..., 
  [ 77  77  77]
  [ 82  82  82]
  [ 82  82  82]]]