[[[ 19  35  33]
  [ 19  35  33]
  [ 26  42  40]
  ..., 
  [127 133 135]
  [134 139 143]
  [142 147 151]]

 [[  9  26  23]
  [ 13  30  27]
  [ 19  35  33]
  ..., 
  [ 95 101 104]
  [100 106 109]
  [108 114 117]]

 [[  2  19  16]
  [ 10  27  25]
  [ 17  34  32]
  ..., 
  [ 59  67  69]
  [ 59  66  70]
  [ 65  72  76]]

 ..., 
 [[131 134 138]
  [130 133 137]
  [128 131 135]
  ..., 
  [ 57  57  57]
  [ 66  66  66]
  [ 75  75  75]]

 [[129 132 136]
  [129 132 136]
  [129 132 136]
  ..., 
  [ 78  78  78]
  [ 83  83  83]
  [ 83  83  83]]

 [[129 132 136]
  [129 132 136]
  [129 132 136]
  ..., 
  [ 78  78  78]
  [ 83  83  83]
  [ 83  83  83]]]