[[[ 19  35  33]
  [ 19  35  33]
  [ 26  42  40]
  ..., 
  [127 133 135]
  [134 139 143]
  [142 147 151]]

 [[ 12  28  26]
  [ 14  31  28]
  [ 20  37  34]
  ..., 
  [ 95 101 104]
  [100 106 109]
  [108 114 117]]

 [[  2  19  16]
  [  9  26  23]
  [ 16  33  30]
  ..., 
  [ 59  67  69]
  [ 59  66  70]
  [ 65  72  76]]

 ..., 
 [[130 133 137]
  [129 132 136]
  [129 132 136]
  ..., 
  [ 57  57  57]
  [ 66  66  66]
  [ 75  75  75]]

 [[128 131 135]
  [128 131 135]
  [130 133 137]
  ..., 
  [ 78  78  78]
  [ 83  83  83]
  [ 83  83  83]]

 [[128 131 135]
  [128 131 135]
  [130 133 137]
  ..., 
  [ 78  78  78]
  [ 83  83  83]
  [ 83  83  83]]]