[[[ 14  34  30]
  [ 21  40  37]
  [ 27  46  43]
  ..., 
  [122 127 132]
  [134 139 145]
  [142 147 153]]

 [[  8  28  25]
  [ 15  35  32]
  [ 18  37  34]
  ..., 
  [ 91  97 102]
  [ 98 104 110]
  [106 112 118]]

 [[  1  21  18]
  [  4  23  20]
  [ 10  29  26]
  ..., 
  [ 57  64  68]
  [ 57  63  69]
  [ 61  68  74]]

 ..., 
 [[130 133 137]
  [129 132 136]
  [129 132 136]
  ..., 
  [ 55  55  55]
  [ 66  66  66]
  [ 76  76  76]]

 [[128 131 135]
  [129 132 136]
  [130 133 137]
  ..., 
  [ 79  79  80]
  [ 82  82  82]
  [ 82  82  82]]

 [[128 131 135]
  [129 132 136]
  [130 133 137]
  ..., 
  [ 79  79  80]
  [ 82  82  82]
  [ 82  82  82]]]