[[[ 15  35  32]
  [ 19  38  35]
  [ 26  45  42]
  ..., 
  [127 132 137]
  [136 141 147]
  [143 148 154]]

 [[  8  28  25]
  [ 18  37  34]
  [ 19  38  35]
  ..., 
  [ 96 102 107]
  [102 107 113]
  [106 112 118]]

 [[  1  21  18]
  [  7  27  23]
  [ 12  31  28]
  ..., 
  [ 58  65  69]
  [ 59  66  71]
  [ 61  68  74]]

 ..., 
 [[130 133 137]
  [129 132 136]
  [129 132 136]
  ..., 
  [ 61  60  61]
  [ 71  71  71]
  [ 79  79  79]]

 [[128 131 135]
  [129 132 136]
  [130 133 137]
  ..., 
  [ 81  80  81]
  [ 84  84  84]
  [ 84  84  84]]

 [[128 131 135]
  [129 132 136]
  [130 133 137]
  ..., 
  [ 81  80  81]
  [ 84  84  84]
  [ 84  84  84]]]