[[[ 15  35  30]
  [ 19  39  33]
  [ 22  42  37]
  ..., 
  [127 132 137]
  [136 141 147]
  [143 148 154]]

 [[  8  29  23]
  [ 19  39  33]
  [ 18  38  32]
  ..., 
  [ 96 102 107]
  [102 107 113]
  [106 112 118]]

 [[  3  23  17]
  [  8  29  23]
  [ 11  31  25]
  ..., 
  [ 58  65  69]
  [ 59  66  71]
  [ 61  68  74]]

 ..., 
 [[130 133 137]
  [129 132 136]
  [129 132 136]
  ..., 
  [ 58  58  59]
  [ 71  71  71]
  [ 76  76  76]]

 [[128 131 135]
  [129 132 136]
  [130 133 137]
  ..., 
  [ 79  79  80]
  [ 83  83  83]
  [ 84  84  84]]

 [[128 131 135]
  [129 132 136]
  [130 133 137]
  ..., 
  [ 79  79  80]
  [ 83  83  83]
  [ 84  84  84]]]