[[[ 18  37  34]
  [ 25  44  41]
  [ 29  49  46]
  ..., 
  [127 132 137]
  [136 141 147]
  [143 148 154]]

 [[ 11  30  27]
  [ 21  40  37]
  [ 19  38  35]
  ..., 
  [ 96 102 107]
  [102 107 113]
  [106 112 118]]

 [[  3  22  19]
  [  8  28  25]
  [ 10  29  26]
  ..., 
  [ 58  65  69]
  [ 59  66  71]
  [ 61  68  74]]

 ..., 
 [[129 135 138]
  [128 134 137]
  [127 132 136]
  ..., 
  [ 58  58  59]
  [ 73  73  73]
  [ 78  78  78]]

 [[127 132 136]
  [128 134 137]
  [128 134 137]
  ..., 
  [ 79  79  80]
  [ 82  82  82]
  [ 82  82  82]]

 [[127 132 136]
  [128 134 137]
  [128 134 137]
  ..., 
  [ 79  79  80]
  [ 82  82  82]
  [ 82  82  82]]]