[[[ 18  37  34]
  [ 22  42  39]
  [ 29  49  46]
  ..., 
  [127 132 137]
  [136 141 147]
  [143 148 154]]

 [[ 11  30  27]
  [ 19  38  35]
  [ 21  40  37]
  ..., 
  [ 96 102 107]
  [102 107 113]
  [106 112 118]]

 [[  3  22  19]
  [  7  27  23]
  [ 10  29  26]
  ..., 
  [ 58  65  69]
  [ 59  66  71]
  [ 61  68  74]]

 ..., 
 [[129 135 138]
  [128 134 137]
  [127 132 136]
  ..., 
  [ 50  50  50]
  [ 62  62  62]
  [ 68  68  68]]

 [[127 132 136]
  [128 134 137]
  [128 134 137]
  ..., 
  [ 79  79  80]
  [ 80  80  80]
  [ 82  82  82]]

 [[127 132 136]
  [128 134 137]
  [128 134 137]
  ..., 
  [ 79  79  80]
  [ 80  80  80]
  [ 82  82  82]]]