[[[ 20  37  34]
  [ 24  41  39]
  [ 31  48  46]
  ..., 
  [124 130 135]
  [134 139 145]
  [141 145 152]]

 [[ 13  30  27]
  [ 21  38  35]
  [ 23  40  37]
  ..., 
  [ 95 101 105]
  [101 106 112]
  [105 111 117]]

 [[  5  21  19]
  [  9  26  23]
  [ 12  28  26]
  ..., 
  [ 59  66  71]
  [ 60  67  72]
  [ 62  69  75]]

 ..., 
 [[129 135 138]
  [128 134 137]
  [127 132 136]
  ..., 
  [ 51  51  52]
  [ 62  62  62]
  [ 66  66  66]]

 [[127 132 136]
  [128 134 137]
  [128 134 137]
  ..., 
  [ 79  79  80]
  [ 80  80  80]
  [ 82  82  82]]

 [[127 132 136]
  [128 134 137]
  [128 134 137]
  ..., 
  [ 79  79  80]
  [ 80  80  80]
  [ 82  82  82]]]