[[[ 18  38  32]
  [ 24  44  38]
  [ 24  44  38]
  ..., 
  [122 132 131]
  [132 141 140]
  [145 154 153]]

 [[ 11  31  25]
  [ 18  38  32]
  [ 18  38  32]
  ..., 
  [ 93 103 101]
  [101 111 110]
  [105 115 113]]

 [[  3  23  17]
  [  7  27  22]
  [ 13  33  28]
  ..., 
  [ 58  68  66]
  [ 60  69  68]
  [ 55  65  63]]

 ..., 
 [[131 135 137]
  [131 135 137]
  [131 135 137]
  ..., 
  [ 55  56  56]
  [ 64  67  66]
  [ 75  77  77]]

 [[131 135 137]
  [131 135 137]
  [131 135 137]
  ..., 
  [ 79  81  81]
  [ 77  80  79]
  [ 79  82  82]]

 [[131 135 137]
  [131 135 137]
  [131 135 137]
  ..., 
  [ 79  81  81]
  [ 77  80  79]
  [ 79  82  82]]]