[[[ 20  36  35]
  [ 24  40  40]
  [ 31  47  47]
  ..., 
  [127 132 137]
  [135 140 146]
  [142 147 153]]

 [[ 13  29  28]
  [ 21  37  37]
  [ 23  39  39]
  ..., 
  [ 96 102 107]
  [101 106 112]
  [105 111 117]]

 [[  5  21  20]
  [  9  25  25]
  [ 12  28  27]
  ..., 
  [ 59  66  71]
  [ 59  66  71]
  [ 60  67  73]]

 ..., 
 [[129 135 138]
  [128 134 137]
  [127 132 136]
  ..., 
  [ 50  50  50]
  [ 63  63  63]
  [ 68  68  68]]

 [[127 132 136]
  [128 134 137]
  [128 134 137]
  ..., 
  [ 78  78  78]
  [ 82  82  82]
  [ 83  83  83]]

 [[127 132 136]
  [128 134 137]
  [128 134 137]
  ..., 
  [ 78  78  78]
  [ 82  82  82]
  [ 83  83  83]]]