[[[ 15  35  32]
  [ 22  42  39]
  [ 24  43  40]
  ..., 
  [128 133 138]
  [131 136 142]
  [138 143 149]]

 [[ 12  31  28]
  [ 17  36  33]
  [ 19  38  35]
  ..., 
  [ 94  99 104]
  [103 108 114]
  [105 111 117]]

 [[  5  24  21]
  [  7  27  23]
  [ 11  30  27]
  ..., 
  [ 55  62  67]
  [ 61  68  74]
  [ 62  69  75]]

 ..., 
 [[130 136 140]
  [127 132 136]
  [124 130 134]
  ..., 
  [ 50  50  51]
  [ 61  61  61]
  [ 69  69  69]]

 [[128 134 137]
  [124 130 134]
  [124 130 134]
  ..., 
  [ 78  78  79]
  [ 79  79  79]
  [ 84  84  84]]

 [[128 134 137]
  [124 130 134]
  [124 130 134]
  ..., 
  [ 78  78  79]
  [ 79  79  79]
  [ 84  84  84]]]