[[[ 19  35  33]
  [ 24  41  39]
  [ 24  41  39]
  ..., 
  [127 132 137]
  [130 135 141]
  [138 143 149]]

 [[ 15  32  29]
  [ 17  34  32]
  [ 21  38  35]
  ..., 
  [ 94  99 104]
  [102 107 113]
  [102 107 113]]

 [[  7  24  21]
  [  8  25  22]
  [ 10  27  25]
  ..., 
  [ 58  65  69]
  [ 62  69  75]
  [ 61  68  74]]

 ..., 
 [[132 135 140]
  [129 132 136]
  [126 130 134]
  ..., 
  [ 50  50  51]
  [ 61  61  61]
  [ 69  69  69]]

 [[130 133 137]
  [126 130 134]
  [126 130 134]
  ..., 
  [ 79  79  80]
  [ 80  80  80]
  [ 85  85  85]]

 [[130 133 137]
  [126 130 134]
  [126 130 134]
  ..., 
  [ 79  79  80]
  [ 80  80  80]
  [ 85  85  85]]]