[[[ 18  37  34]
  [ 24  43  40]
  [ 24  43  40]
  ..., 
  [124 130 135]
  [133 137 143]
  [141 145 152]]

 [[ 14  34  30]
  [ 17  36  33]
  [ 20  39  36]
  ..., 
  [ 91  97 102]
  [104 110 115]
  [102 107 113]]

 [[  6  25  22]
  [  7  27  23]
  [ 10  29  26]
  ..., 
  [ 53  60  65]
  [ 64  70  76]
  [ 60  67  73]]

 ..., 
 [[130 136 140]
  [127 132 136]
  [124 130 134]
  ..., 
  [ 51  51  52]
  [ 63  63  63]
  [ 77  77  77]]

 [[128 134 137]
  [124 130 134]
  [124 130 134]
  ..., 
  [ 75  74  75]
  [ 82  82  82]
  [ 89  89  89]]

 [[128 134 137]
  [124 130 134]
  [124 130 134]
  ..., 
  [ 75  74  75]
  [ 82  82  82]
  [ 89  89  89]]]