[[[ 20  40  35]
  [ 22  42  37]
  [ 24  44  38]
  ..., 
  [121 129 134]
  [135 143 146]
  [139 147 150]]

 [[ 12  32  26]
  [ 17  37  31]
  [ 20  40  35]
  ..., 
  [ 90  99 103]
  [100 108 112]
  [102 111 114]]

 [[  7  27  22]
  [  5  25  19]
  [  8  29  23]
  ..., 
  [ 56  65  69]
  [ 59  69  72]
  [ 59  69  72]]

 ..., 
 [[129 133 134]
  [129 133 134]
  [129 133 134]
  ..., 
  [ 57  57  57]
  [ 66  66  66]
  [ 75  75  75]]

 [[129 133 134]
  [129 133 134]
  [129 133 134]
  ..., 
  [ 76  76  76]
  [ 78  78  78]
  [ 85  85  85]]

 [[129 133 134]
  [129 133 134]
  [129 133 134]
  ..., 
  [ 76  76  76]
  [ 78  78  78]
  [ 85  85  85]]]