[[[ 20  37  32]
  [ 24  42  37]
  [ 26  43  38]
  ..., 
  [122 130 135]
  [133 141 144]
  [136 144 148]]

 [[ 15  33  28]
  [ 15  33  28]
  [ 20  37  32]
  ..., 
  [ 93 101 106]
  [101 110 113]
  [101 110 113]]

 [[  6  23  18]
  [ 10  28  23]
  [ 14  32  26]
  ..., 
  [ 57  66  71]
  [ 62  71  74]
  [ 62  71  74]]

 ..., 
 [[129 133 134]
  [129 133 134]
  [129 133 134]
  ..., 
  [ 56  56  56]
  [ 69  69  69]
  [ 78  78  78]]

 [[129 133 134]
  [129 133 134]
  [129 133 134]
  ..., 
  [ 77  77  77]
  [ 78  78  78]
  [ 85  85  85]]

 [[129 133 134]
  [129 133 134]
  [129 133 134]
  ..., 
  [ 77  77  77]
  [ 78  78  78]
  [ 85  85  85]]]