[[[ 17  35  30]
  [ 24  42  37]
  [ 27  44  39]
  ..., 
  [119 126 131]
  [135 143 146]
  [142 150 153]]

 [[ 12  29  24]
  [ 15  33  28]
  [ 19  36  31]
  ..., 
  [ 93 101 106]
  [102 111 114]
  [102 111 114]]

 [[  8  26  21]
  [ 14  32  26]
  [ 16  34  29]
  ..., 
  [ 59  69  73]
  [ 60  70  73]
  [ 58  68  71]]

 ..., 
 [[129 133 134]
  [129 133 134]
  [129 133 134]
  ..., 
  [ 55  55  55]
  [ 70  70  70]
  [ 80  80  80]]

 [[129 133 134]
  [129 133 134]
  [129 133 134]
  ..., 
  [ 77  77  77]
  [ 78  78  78]
  [ 85  85  85]]

 [[129 133 134]
  [129 133 134]
  [129 133 134]
  ..., 
  [ 77  77  77]
  [ 78  78  78]
  [ 85  85  85]]]