[[[ 19  36  31]
  [ 26  43  38]
  [ 28  46  40]
  ..., 
  [121 129 134]
  [135 143 146]
  [140 148 151]]

 [[ 12  29  24]
  [ 15  33  28]
  [ 21  39  33]
  ..., 
  [ 92 100 104]
  [100 108 112]
  [101 110 113]]

 [[  7  25  19]
  [ 15  33  28]
  [ 17  35  30]
  ..., 
  [ 57  66  71]
  [ 59  69  72]
  [ 59  69  72]]

 ..., 
 [[129 133 134]
  [129 133 134]
  [129 133 134]
  ..., 
  [ 55  55  55]
  [ 70  70  70]
  [ 80  80  80]]

 [[129 133 134]
  [129 133 134]
  [129 133 134]
  ..., 
  [ 77  77  77]
  [ 78  78  78]
  [ 85  85  85]]

 [[129 133 134]
  [129 133 134]
  [129 133 134]
  ..., 
  [ 77  77  77]
  [ 78  78  78]
  [ 85  85  85]]]