[[[ 19  36  31]
  [ 26  43  38]
  [ 28  46  40]
  ..., 
  [121 129 134]
  [135 143 146]
  [140 148 151]]

 [[ 13  30  25]
  [ 16  34  29]
  [ 22  40  35]
  ..., 
  [ 92 100 104]
  [100 108 112]
  [101 110 113]]

 [[  6  23  18]
  [ 14  32  26]
  [ 16  34  29]
  ..., 
  [ 57  66  71]
  [ 59  69  72]
  [ 59  69  72]]

 ..., 
 [[128 131 135]
  [128 131 135]
  [128 131 135]
  ..., 
  [ 56  56  56]
  [ 70  70  70]
  [ 78  78  78]]

 [[128 131 135]
  [128 131 135]
  [128 131 135]
  ..., 
  [ 77  77  77]
  [ 79  79  79]
  [ 86  86  86]]

 [[128 131 135]
  [128 131 135]
  [128 131 135]
  ..., 
  [ 77  77  77]
  [ 79  79  79]
  [ 86  86  86]]]