[[[ 21  38  35]
  [ 27  44  41]
  [ 29  46  43]
  ..., 
  [121 130 131]
  [135 144 145]
  [140 149 150]]

 [[ 12  28  26]
  [ 17  34  32]
  [ 23  40  37]
  ..., 
  [ 92 101 102]
  [100 109 110]
  [101 110 111]]

 [[  7  24  21]
  [ 13  30  27]
  [ 15  32  29]
  ..., 
  [ 57  67  69]
  [ 59  70  70]
  [ 59  70  70]]

 ..., 
 [[128 131 135]
  [128 131 135]
  [128 131 135]
  ..., 
  [ 56  56  56]
  [ 70  70  70]
  [ 78  78  78]]

 [[128 131 135]
  [128 131 135]
  [128 131 135]
  ..., 
  [ 77  77  77]
  [ 79  79  79]
  [ 86  86  86]]

 [[128 131 135]
  [128 131 135]
  [128 131 135]
  ..., 
  [ 77  77  77]
  [ 79  79  79]
  [ 86  86  86]]]