[[[ 19  39  33]
  [ 26  46  40]
  [ 25  45  39]
  ..., 
  [121 131 129]
  [131 140 139]
  [143 153 151]]

 [[ 12  32  26]
  [ 19  39  33]
  [ 19  39  33]
  ..., 
  [ 94 104 103]
  [101 111 110]
  [104 113 112]]

 [[  3  23  17]
  [  5  25  19]
  [ 12  32  26]
  ..., 
  [ 61  70  69]
  [ 61  70  69]
  [ 55  65  63]]

 ..., 
 [[129 133 134]
  [129 133 134]
  [129 133 134]
  ..., 
  [ 58  60  60]
  [ 68  70  70]
  [ 78  81  80]]

 [[129 133 134]
  [129 133 134]
  [129 133 134]
  ..., 
  [ 80  82  82]
  [ 78  81  80]
  [ 81  83  83]]

 [[129 133 134]
  [129 133 134]
  [129 133 134]
  ..., 
  [ 80  82  82]
  [ 78  81  80]
  [ 81  83  83]]]