[[[ 20  37  34]
  [ 23  40  37]
  [ 27  44  41]
  ..., 
  [121 130 131]
  [132 141 141]
  [139 148 148]]

 [[  9  26  23]
  [ 16  33  30]
  [ 24  41  39]
  ..., 
  [ 94 103 104]
  [100 109 110]
  [102 112 112]]

 [[  7  24  21]
  [  9  26  23]
  [ 13  30  27]
  ..., 
  [ 59  70  71]
  [ 57  68  68]
  [ 57  68  68]]

 ..., 
 [[128 131 135]
  [128 131 135]
  [128 131 135]
  ..., 
  [ 57  57  57]
  [ 70  70  70]
  [ 73  73  73]]

 [[128 131 135]
  [128 131 135]
  [128 131 135]
  ..., 
  [ 79  79  80]
  [ 83  83  83]
  [ 82  82  82]]

 [[128 131 135]
  [128 131 135]
  [128 131 135]
  ..., 
  [ 79  79  80]
  [ 83  83  83]
  [ 82  82  82]]]