[[[ 18  38  32]
  [ 24  44  38]
  [ 26  46  40]
  ..., 
  [122 131 132]
  [133 142 143]
  [140 149 150]]

 [[ 10  30  24]
  [ 14  34  29]
  [ 22  42  37]
  ..., 
  [ 93 102 103]
  [100 109 110]
  [102 112 112]]

 [[  7  27  22]
  [  8  29  23]
  [ 10  30  24]
  ..., 
  [ 57  67  69]
  [ 56  66  67]
  [ 56  66  67]]

 ..., 
 [[128 132 133]
  [128 132 133]
  [128 132 133]
  ..., 
  [ 58  58  59]
  [ 70  70  70]
  [ 79  79  79]]

 [[128 132 133]
  [128 132 133]
  [128 132 133]
  ..., 
  [ 76  76  76]
  [ 79  79  79]
  [ 84  84  84]]

 [[128 132 133]
  [128 132 133]
  [128 132 133]
  ..., 
  [ 76  76  76]
  [ 79  79  79]
  [ 84  84  84]]]