[[[ 15  35  30]
  [ 24  44  38]
  [ 26  46  40]
  ..., 
  [122 131 132]
  [133 142 143]
  [140 149 150]]

 [[  7  27  22]
  [ 13  33  28]
  [ 24  44  38]
  ..., 
  [ 93 102 103]
  [100 109 110]
  [102 112 112]]

 [[  6  26  21]
  [  6  26  21]
  [ 11  31  25]
  ..., 
  [ 57  67  69]
  [ 56  66  67]
  [ 56  66  67]]

 ..., 
 [[128 132 133]
  [128 132 133]
  [128 132 133]
  ..., 
  [ 62  62  62]
  [ 73  73  73]
  [ 82  82  82]]

 [[128 132 133]
  [128 132 133]
  [128 132 133]
  ..., 
  [ 80  80  81]
  [ 84  84  84]
  [ 86  86  86]]

 [[128 132 133]
  [128 132 133]
  [128 132 133]
  ..., 
  [ 80  80  81]
  [ 84  84  84]
  [ 86  86  86]]]