[[[ 17  35  30]
  [ 26  43  38]
  [ 28  46  40]
  ..., 
  [122 131 132]
  [131 139 140]
  [140 149 150]]

 [[  9  27  22]
  [ 15  33  28]
  [ 26  43  38]
  ..., 
  [ 93 102 103]
  [ 99 108 109]
  [102 112 112]]

 [[  8  26  21]
  [  8  26  21]
  [ 13  30  25]
  ..., 
  [ 56  66  68]
  [ 57  68  68]
  [ 58  69  69]]

 ..., 
 [[128 132 133]
  [128 132 133]
  [128 132 133]
  ..., 
  [ 59  59  60]
  [ 70  70  70]
  [ 78  78  78]]

 [[128 132 133]
  [128 132 133]
  [128 132 133]
  ..., 
  [ 77  77  77]
  [ 79  79  79]
  [ 84  84  84]]

 [[128 132 133]
  [128 132 133]
  [128 132 133]
  ..., 
  [ 77  77  77]
  [ 79  79  79]
  [ 84  84  84]]]