[[[ 19  36  31]
  [ 27  44  39]
  [ 27  44  39]
  ..., 
  [122 131 132]
  [131 139 140]
  [140 149 150]]

 [[ 10  28  23]
  [ 16  34  29]
  [ 24  42  37]
  ..., 
  [ 93 102 103]
  [ 99 108 109]
  [102 112 112]]

 [[  9  27  22]
  [  9  27  22]
  [ 12  29  24]
  ..., 
  [ 56  66  68]
  [ 57  68  68]
  [ 58  69  69]]

 ..., 
 [[128 132 133]
  [128 132 133]
  [128 132 133]
  ..., 
  [ 63  63  63]
  [ 77  77  77]
  [ 85  85  85]]

 [[128 132 133]
  [128 132 133]
  [128 132 133]
  ..., 
  [ 80  80  81]
  [ 82  82  82]
  [ 84  84  84]]

 [[128 132 133]
  [128 132 133]
  [128 132 133]
  ..., 
  [ 80  80  81]
  [ 82  82  82]
  [ 84  84  84]]]