[[[ 21  39  33]
  [ 27  44  39]
  [ 28  46  40]
  ..., 
  [121 130 131]
  [131 139 140]
  [142 151 152]]

 [[ 10  28  23]
  [ 15  33  28]
  [ 22  40  35]
  ..., 
  [ 93 102 103]
  [100 109 110]
  [103 113 113]]

 [[  9  27  22]
  [  8  26  21]
  [ 10  28  23]
  ..., 
  [ 56  66  68]
  [ 59  70  70]
  [ 60  71  71]]

 ..., 
 [[129 133 134]
  [129 133 134]
  [129 133 134]
  ..., 
  [ 64  64  64]
  [ 79  79  79]
  [ 87  87  87]]

 [[129 133 134]
  [129 133 134]
  [129 133 134]
  ..., 
  [ 80  80  81]
  [ 80  80  80]
  [ 82  82  82]]

 [[129 133 134]
  [129 133 134]
  [129 133 134]
  ..., 
  [ 80  80  81]
  [ 80  80  80]
  [ 82  82  82]]]