[[[ 21  39  33]
  [ 27  44  39]
  [ 28  46  40]
  ..., 
  [126 135 136]
  [134 143 144]
  [141 150 151]]

 [[ 10  28  23]
  [ 15  33  28]
  [ 22  40  35]
  ..., 
  [ 95 104 106]
  [102 112 112]
  [104 114 115]]

 [[  9  27  22]
  [  8  26  21]
  [ 10  28  23]
  ..., 
  [ 51  61  63]
  [ 60  71  72]
  [ 60  71  71]]

 ..., 
 [[129 133 134]
  [129 133 134]
  [129 133 134]
  ..., 
  [ 69  69  69]
  [ 84  84  84]
  [ 93  93  93]]

 [[129 133 134]
  [129 133 134]
  [129 133 134]
  ..., 
  [ 80  80  81]
  [ 79  79  79]
  [ 80  80  80]]

 [[129 133 134]
  [129 133 134]
  [129 133 134]
  ..., 
  [ 80  80  81]
  [ 79  79  79]
  [ 80  80  80]]]