[[[ 20  39  37]
  [ 24  43  40]
  [ 22  41  39]
  ..., 
  [123 127 132]
  [138 143 146]
  [145 150 153]]

 [[ 17  36  32]
  [ 20  40  35]
  [ 21  41  36]
  ..., 
  [ 95 100 106]
  [102 109 113]
  [107 114 117]]

 [[  4  24  17]
  [ 10  30  23]
  [ 17  37  30]
  ..., 
  [ 58  65  70]
  [ 59  69  72]
  [ 60  70  73]]

 ..., 
 [[130 133 137]
  [130 133 137]
  [130 133 137]
  ..., 
  [ 62  62  62]
  [ 70  70  70]
  [ 82  82  82]]

 [[130 133 137]
  [130 133 137]
  [130 133 137]
  ..., 
  [ 79  79  79]
  [ 77  77  77]
  [ 80  80  80]]

 [[130 133 137]
  [130 133 137]
  [130 133 137]
  ..., 
  [ 79  79  79]
  [ 77  77  77]
  [ 80  80  80]]]