[[[ 20  39  37]
  [ 24  43  40]
  [ 22  41  39]
  ..., 
  [125 128 134]
  [139 144 148]
  [146 151 155]]

 [[ 17  36  32]
  [ 20  40  35]
  [ 21  41  36]
  ..., 
  [ 97 102 107]
  [103 111 114]
  [108 115 118]]

 [[  4  24  17]
  [ 10  30  23]
  [ 17  37  30]
  ..., 
  [ 59  66  71]
  [ 60  70  73]
  [ 61  71  74]]

 ..., 
 [[132 134 136]
  [132 134 136]
  [132 134 136]
  ..., 
  [ 62  62  62]
  [ 70  70  70]
  [ 82  82  82]]

 [[132 134 136]
  [132 134 136]
  [132 134 136]
  ..., 
  [ 79  79  79]
  [ 77  77  77]
  [ 80  80  80]]

 [[132 134 136]
  [132 134 136]
  [132 134 136]
  ..., 
  [ 79  79  79]
  [ 77  77  77]
  [ 80  80  80]]]