[[[ 20  39  37]
  [ 24  43  40]
  [ 22  41  39]
  ..., 
  [129 133 138]
  [140 145 149]
  [152 157 160]]

 [[ 14  34  29]
  [ 18  38  33]
  [ 19  39  34]
  ..., 
  [ 98 103 108]
  [102 109 113]
  [109 116 120]]

 [[  1  22  15]
  [  7  28  21]
  [ 14  35  28]
  ..., 
  [ 58  65  70]
  [ 56  66  69]
  [ 55  66  68]]

 ..., 
 [[130 134 136]
  [130 134 136]
  [130 134 136]
  ..., 
  [ 72  72  72]
  [ 87  87  87]
  [ 96  96  96]]

 [[130 134 136]
  [130 134 136]
  [130 134 136]
  ..., 
  [ 78  78  78]
  [ 82  82  82]
  [ 83  83  83]]

 [[130 134 136]
  [130 134 136]
  [130 134 136]
  ..., 
  [ 78  78  78]
  [ 82  82  82]
  [ 83  83  83]]]