[[[ 22  41  39]
  [ 24  43  40]
  [ 25  44  41]
  ..., 
  [129 133 138]
  [140 145 149]
  [154 159 163]]

 [[ 17  36  32]
  [ 18  38  33]
  [ 20  40  35]
  ..., 
  [ 98 103 108]
  [102 109 113]
  [111 119 122]]

 [[  1  22  15]
  [  6  27  19]
  [ 14  35  28]
  ..., 
  [ 56  62  67]
  [ 53  63  66]
  [ 55  66  68]]

 ..., 
 [[130 134 136]
  [130 134 136]
  [130 134 136]
  ..., 
  [ 72  72  72]
  [ 87  87  87]
  [ 96  96  96]]

 [[130 134 136]
  [130 134 136]
  [130 134 136]
  ..., 
  [ 78  78  78]
  [ 82  82  82]
  [ 83  83  83]]

 [[130 134 136]
  [130 134 136]
  [130 134 136]
  ..., 
  [ 78  78  78]
  [ 82  82  82]
  [ 83  83  83]]]