[[[ 19  38  35]
  [ 20  39  36]
  [ 22  42  39]
  ..., 
  [125 134 133]
  [141 151 149]
  [149 159 157]]

 [[ 11  30  27]
  [ 13  32  29]
  [ 17  36  33]
  ..., 
  [ 96 105 104]
  [105 115 113]
  [110 119 118]]

 [[  7  27  23]
  [  8  28  25]
  [ 13  32  29]
  ..., 
  [ 59  69  68]
  [ 64  74  72]
  [ 68  77  76]]

 ..., 
 [[130 133 137]
  [130 133 137]
  [130 133 137]
  ..., 
  [ 77  76  76]
  [ 86  86  86]
  [ 92  92  92]]

 [[130 133 137]
  [130 133 137]
  [130 133 137]
  ..., 
  [ 84  82  83]
  [ 80  80  80]
  [ 80  80  80]]

 [[130 133 137]
  [130 133 137]
  [130 133 137]
  ..., 
  [ 84  82  83]
  [ 80  80  80]
  [ 80  80  80]]]