[[[ 22  41  39]
  [ 25  44  41]
  [ 24  43  40]
  ..., 
  [129 133 138]
  [140 145 149]
  [154 159 163]]

 [[ 17  36  32]
  [ 19  39  34]
  [ 20  40  35]
  ..., 
  [ 98 103 108]
  [102 109 113]
  [111 119 122]]

 [[  3  23  16]
  [  8  29  22]
  [ 14  35  28]
  ..., 
  [ 56  62  67]
  [ 53  63  66]
  [ 55  66  68]]

 ..., 
 [[130 133 137]
  [130 133 137]
  [130 133 137]
  ..., 
  [ 72  72  72]
  [ 87  87  87]
  [ 96  96  96]]

 [[130 133 137]
  [130 133 137]
  [130 133 137]
  ..., 
  [ 78  78  78]
  [ 82  82  82]
  [ 83  83  83]]

 [[130 133 137]
  [130 133 137]
  [130 133 137]
  ..., 
  [ 78  78  78]
  [ 82  82  82]
  [ 83  83  83]]]