[[[ 22  41  39]
  [ 25  44  41]
  [ 24  43  40]
  ..., 
  [129 133 138]
  [140 145 149]
  [152 157 160]]

 [[ 17  36  32]
  [ 19  39  34]
  [ 20  40  35]
  ..., 
  [ 99 104 109]
  [104 112 115]
  [105 113 116]]

 [[  3  23  16]
  [  8  29  22]
  [ 14  35  28]
  ..., 
  [ 58  65  70]
  [ 60  70  73]
  [ 55  66  68]]

 ..., 
 [[130 133 137]
  [130 133 137]
  [130 133 137]
  ..., 
  [ 75  75  75]
  [ 86  86  86]
  [ 96  96  96]]

 [[130 133 137]
  [130 133 137]
  [130 133 137]
  ..., 
  [ 81  82  82]
  [ 79  79  79]
  [ 80  80  80]]

 [[130 133 137]
  [130 133 137]
  [130 133 137]
  ..., 
  [ 81  82  82]
  [ 79  79  79]
  [ 80  80  80]]]