[[[ 20  39  37]
  [ 22  41  39]
  [ 21  40  38]
  ..., 
  [129 133 138]
  [138 143 146]
  [145 150 153]]

 [[ 14  34  29]
  [ 17  36  32]
  [ 18  38  33]
  ..., 
  [ 98 103 108]
  [103 111 114]
  [108 115 118]]

 [[  0  21  14]
  [  6  27  19]
  [ 12  33  25]
  ..., 
  [ 57  63  68]
  [ 59  69  72]
  [ 59  69  72]]

 ..., 
 [[128 134 137]
  [128 134 137]
  [128 134 137]
  ..., 
  [ 73  73  74]
  [ 85  85  85]
  [ 94  94  94]]

 [[128 134 137]
  [128 134 137]
  [128 134 137]
  ..., 
  [ 80  80  81]
  [ 78  78  78]
  [ 79  79  79]]

 [[128 134 137]
  [128 134 137]
  [128 134 137]
  ..., 
  [ 80  80  81]
  [ 78  78  78]
  [ 79  79  79]]]