[[[ 20  39  37]
  [ 22  41  39]
  [ 21  40  38]
  ..., 
  [129 133 138]
  [139 144 148]
  [147 152 156]]

 [[ 14  34  29]
  [ 17  36  32]
  [ 18  38  33]
  ..., 
  [ 99 104 109]
  [104 112 115]
  [109 116 120]]

 [[  0  21  14]
  [  6  27  19]
  [ 12  33  25]
  ..., 
  [ 58  65  70]
  [ 60  70  73]
  [ 59  69  72]]

 ..., 
 [[136 137 136]
  [102 155 104]
  [ 59 181  63]
  ..., 
  [ 73  73  74]
  [ 85  85  85]
  [ 94  94  94]]

 [[137 136 137]
  [103 155 105]
  [ 60 180  64]
  ..., 
  [ 80  80  81]
  [ 78  78  78]
  [ 79  79  79]]

 [[136 136 136]
  [102 155 105]
  [ 59 181  63]
  ..., 
  [ 80  80  81]
  [ 78  78  78]
  [ 79  79  79]]]