[[[ 18  37  34]
  [ 21  40  38]
  [ 26  45  42]
  ..., 
  [125 129 133]
  [134 139 143]
  [145 150 153]]

 [[ 13  33  28]
  [ 17  36  32]
  [ 19  39  34]
  ..., 
  [ 95 101 105]
  [101 108 112]
  [108 115 119]]

 [[  4  24  17]
  [  6  27  19]
  [ 12  33  25]
  ..., 
  [ 57  64  68]
  [ 59  69  72]
  [ 61  71  74]]

 ..., 
 [[  0 249   0]
  [ 22 238  23]
  [ 51 220  52]
  ..., 
  [ 69  69  69]
  [ 85  85  85]
  [ 94  94  94]]

 [[  0 255   2]
  [ 18 240  21]
  [ 51 229  54]
  ..., 
  [ 78  78  78]
  [ 79  79  79]
  [ 83  83  83]]

 [[  1 255   3]
  [ 20 239  22]
  [ 53 227  56]
  ..., 
  [ 78  78  78]
  [ 79  79  79]
  [ 83  83  83]]]