[[[ 16  37  34]
  [ 19  41  38]
  [ 24  45  42]
  ..., 
  [125 129 133]
  [134 139 143]
  [148 153 157]]

 [[ 11  33  28]
  [ 15  37  32]
  [ 17  39  34]
  ..., 
  [ 95 101 105]
  [101 108 112]
  [105 113 116]]

 [[  2  25  17]
  [  4  27  19]
  [ 10  33  25]
  ..., 
  [ 57  64  68]
  [ 59  69  72]
  [ 59  69  72]]

 ..., 
 [[  0 252   0]
  [ 21 241  21]
  [ 47 222  45]
  ..., 
  [ 66  66  67]
  [ 84  84  84]
  [ 94  94  94]]

 [[  1 255   4]
  [ 17 243  18]
  [ 49 232  47]
  ..., 
  [ 76  76  76]
  [ 78  78  78]
  [ 83  83  83]]

 [[  2 255   5]
  [ 19 242  20]
  [ 51 231  49]
  ..., 
  [ 76  76  76]
  [ 78  78  78]
  [ 83  83  83]]]