[[[ 18  40  37]
  [ 20  42  39]
  [ 25  47  44]
  ..., 
  [130 134 139]
  [137 142 145]
  [143 149 152]]

 [[ 11  33  28]
  [ 17  39  34]
  [ 20  43  37]
  ..., 
  [102 108 112]
  [104 112 115]
  [103 111 114]]

 [[  4  27  19]
  [  3  26  18]
  [  9  32  24]
  ..., 
  [ 61  69  72]
  [ 60  70  73]
  [ 59  69  72]]

 ..., 
 [[  2 255   2]
  [ 18 242  16]
  [ 48 227  42]
  ..., 
  [ 70  70  70]
  [ 80  80  80]
  [ 87  87  87]]

 [[  0 254   0]
  [ 15 246  14]
  [ 43 232  39]
  ..., 
  [ 77  77  77]
  [ 79  79  79]
  [ 83  83  83]]

 [[  0 253   0]
  [ 17 245  16]
  [ 46 230  41]
  ..., 
  [ 77  77  77]
  [ 79  79  79]
  [ 83  83  83]]]