[[[ 21  40  38]
  [ 24  43  40]
  [ 27  46  44]
  ..., 
  [135 139 143]
  [145 150 153]
  [153 158 162]]

 [[ 14  34  29]
  [ 20  40  35]
  [ 22  42  37]
  ..., 
  [104 109 113]
  [108 115 119]
  [109 116 120]]

 [[  7  28  21]
  [  6  27  19]
  [ 11  31  24]
  ..., 
  [ 61  69  72]
  [ 53  63  66]
  [ 54  64  67]]

 ..., 
 [[  0 255   0]
  [ 21 245  18]
  [ 45 224  39]
  ..., 
  [ 75  75  75]
  [ 86  86  86]
  [ 93  93  93]]

 [[  0 255   0]
  [ 14 245  13]
  [ 42 231  38]
  ..., 
  [ 78  78  78]
  [ 79  79  79]
  [ 83  83  83]]

 [[  0 255   0]
  [ 16 244  14]
  [ 45 229  40]
  ..., 
  [ 78  78  78]
  [ 79  79  79]
  [ 83  83  83]]]