[[[ 21  40  38]
  [ 24  43  40]
  [ 26  45  42]
  ..., 
  [135 139 143]
  [145 150 153]
  [153 158 162]]

 [[ 14  34  29]
  [ 20  40  35]
  [ 21  41  36]
  ..., 
  [104 109 113]
  [108 115 119]
  [109 116 120]]

 [[  7  28  21]
  [  6  27  19]
  [ 10  30  23]
  ..., 
  [ 61  69  72]
  [ 53  63  66]
  [ 54  64  67]]

 ..., 
 [[  0 255   3]
  [ 22 245  21]
  [ 45 223  37]
  ..., 
  [ 79  79  79]
  [ 94  94  94]
  [104 104 104]]

 [[  0 253   0]
  [ 17 246  17]
  [ 43 230  34]
  ..., 
  [ 77  77  77]
  [ 78  78  78]
  [ 82  82  82]]

 [[  0 252   0]
  [ 19 245  18]
  [ 45 228  37]
  ..., 
  [ 77  77  77]
  [ 78  78  78]
  [ 82  82  82]]]