[[[ 19  38  35]
  [ 25  44  41]
  [ 28  47  45]
  ..., 
  [133 137 141]
  [144 149 152]
  [154 159 163]]

 [[ 12  32  27]
  [ 21  41  36]
  [ 24  43  39]
  ..., 
  [104 109 113]
  [107 114 117]
  [108 115 119]]

 [[  6  27  19]
  [  6  27  19]
  [ 11  31  24]
  ..., 
  [ 61  69  72]
  [ 55  64  67]
  [ 55  66  69]]

 ..., 
 [[  0 255   3]
  [ 22 245  21]
  [ 43 220  35]
  ..., 
  [ 78  78  78]
  [ 91  91  91]
  [100 100 100]]

 [[  0 255   0]
  [ 19 249  19]
  [ 43 230  34]
  ..., 
  [ 77  77  77]
  [ 79  79  79]
  [ 83  83  83]]

 [[  0 255   1]
  [ 21 247  21]
  [ 45 228  37]
  ..., 
  [ 77  77  77]
  [ 79  79  79]
  [ 83  83  83]]]