[[[ 18  37  34]
  [ 26  45  42]
  [ 31  50  47]
  ..., 
  [129 133 137]
  [137 142 145]
  [147 152 156]]

 [[ 12  32  27]
  [ 20  40  35]
  [ 26  46  41]
  ..., 
  [102 108 112]
  [103 111 114]
  [104 112 115]]

 [[  6  27  19]
  [  5  26  18]
  [ 12  33  25]
  ..., 
  [ 58  65  69]
  [ 58  68  71]
  [ 58  68  71]]

 ..., 
 [[  0 255   1]
  [ 21 240  19]
  [ 46 215  41]
  ..., 
  [ 75  75  75]
  [ 86  86  86]
  [ 94  94  94]]

 [[  0 255   0]
  [ 15 241  15]
  [ 45 224  42]
  ..., 
  [ 77  77  77]
  [ 78  78  78]
  [ 82  82  82]]

 [[  0 255   0]
  [ 17 240  17]
  [ 48 222  44]
  ..., 
  [ 77  77  77]
  [ 78  78  78]
  [ 82  82  82]]]