[[[ 18  38  32]
  [ 22  42  37]
  [ 25  45  39]
  ..., 
  [123 133 132]
  [133 143 141]
  [143 153 151]]

 [[  8  29  23]
  [ 12  32  26]
  [ 17  37  31]
  ..., 
  [ 94 104 103]
  [103 112 111]
  [106 116 114]]

 [[  0  20  15]
  [  4  24  18]
  [ 12  32  26]
  ..., 
  [ 56  66  64]
  [ 56  66  64]
  [ 55  65  63]]

 ..., 
 [[131 135 137]
  [130 134 136]
  [128 132 133]
  ..., 
  [ 63  64  64]
  [ 75  77  77]
  [ 86  89  89]]

 [[131 135 137]
  [130 134 136]
  [128 132 133]
  ..., 
  [ 78  79  79]
  [ 78  81  80]
  [ 82  84  84]]

 [[131 135 137]
  [130 134 136]
  [128 132 133]
  ..., 
  [ 78  79  79]
  [ 78  81  80]
  [ 82  84  84]]]