[[[ 18  40  36]
  [ 22  43  40]
  [ 23  44  41]
  ..., 
  [129 135 137]
  [141 150 151]
  [148 157 158]]

 [[ 12  34  30]
  [ 13  35  32]
  [ 15  36  33]
  ..., 
  [ 98 105 107]
  [106 115 116]
  [109 119 119]]

 [[  4  26  22]
  [  6  28  25]
  [ 11  33  29]
  ..., 
  [ 58  67  69]
  [ 60  71  72]
  [ 58  69  69]]

 ..., 
 [[  0 255   0]
  [ 18 242  16]
  [ 47 226  45]
  ..., 
  [ 74  75  75]
  [ 85  85  85]
  [ 94  94  94]]

 [[  5 255   1]
  [ 18 245  15]
  [ 41 229  38]
  ..., 
  [ 79  79  80]
  [ 82  82  82]
  [ 80  80  80]]

 [[  5 255   2]
  [ 19 244  16]
  [ 43 227  40]
  ..., 
  [ 79  79  80]
  [ 82  82  82]
  [ 80  80  80]]]