[[[ 22  42  37]
  [ 27  47  42]
  [ 27  47  42]
  ..., 
  [126 132 133]
  [141 150 151]
  [152 162 162]]

 [[ 13  33  28]
  [ 18  38  32]
  [ 19  39  33]
  ..., 
  [ 96 103 104]
  [101 110 111]
  [107 116 117]]

 [[  4  24  18]
  [  8  29  23]
  [ 11  31  25]
  ..., 
  [ 55  63  65]
  [ 59  70  70]
  [ 58  69  69]]

 ..., 
 [[131 132 136]
  [131 132 136]
  [131 132 136]
  ..., 
  [ 72  72  73]
  [ 87  87  87]
  [ 93  93  93]]

 [[131 132 136]
  [131 132 136]
  [131 132 136]
  ..., 
  [ 78  78  78]
  [ 83  83  83]
  [ 80  80  80]]

 [[131 132 136]
  [131 132 136]
  [131 132 136]
  ..., 
  [ 78  78  78]
  [ 83  83  83]
  [ 80  80  80]]]