[[[ 17  39  33]
  [ 22  44  38]
  [ 29  51  45]
  ..., 
  [132 138 139]
  [136 145 146]
  [150 159 160]]

 [[ 12  35  29]
  [ 16  38  32]
  [ 22  44  38]
  ..., 
  [ 98 105 107]
  [100 109 110]
  [110 120 120]]

 [[  1  23  17]
  [  5  28  22]
  [ 10  32  26]
  ..., 
  [ 53  62  64]
  [ 59  70  70]
  [ 61  72  73]]

 ..., 
 [[134 133 136]
  [134 133 136]
  [134 133 136]
  ..., 
  [ 68  68  68]
  [ 83  83  83]
  [ 90  90  90]]

 [[133 132 134]
  [133 132 134]
  [133 132 134]
  ..., 
  [ 79  79  80]
  [ 83  83  83]
  [ 82  82  82]]

 [[133 132 134]
  [133 132 134]
  [133 132 134]
  ..., 
  [ 79  79  80]
  [ 83  83  83]
  [ 82  82  82]]]