[[[ 20  43  37]
  [ 22  44  38]
  [ 26  49  43]
  ..., 
  [128 134 136]
  [140 149 150]
  [151 160 161]]

 [[ 12  35  29]
  [ 15  37  31]
  [ 20  43  37]
  ..., 
  [ 97 104 106]
  [101 110 111]
  [109 119 119]]

 [[  0  21  15]
  [  4  27  21]
  [ 10  32  26]
  ..., 
  [ 56  65  66]
  [ 58  69  69]
  [ 60  71  71]]

 ..., 
 [[134 133 136]
  [134 133 136]
  [134 133 136]
  ..., 
  [ 66  66  67]
  [ 82  82  82]
  [ 94  94  94]]

 [[133 132 134]
  [133 132 134]
  [133 132 134]
  ..., 
  [ 77  77  77]
  [ 80  80  80]
  [ 82  82  82]]

 [[133 132 134]
  [133 132 134]
  [133 132 134]
  ..., 
  [ 77  77  77]
  [ 80  80  80]
  [ 82  82  82]]]