[[[ 18  38  32]
  [ 22  42  37]
  [ 28  48  43]
  ..., 
  [126 132 133]
  [141 150 151]
  [150 159 160]]

 [[ 11  31  25]
  [ 18  38  32]
  [ 24  44  38]
  ..., 
  [ 96 103 104]
  [103 113 113]
  [109 119 119]]

 [[  3  23  17]
  [  6  26  21]
  [ 12  32  26]
  ..., 
  [ 55  63  65]
  [ 60  71  72]
  [ 60  71  71]]

 ..., 
 [[134 133 136]
  [134 133 136]
  [134 133 136]
  ..., 
  [ 69  69  69]
  [ 83  83  83]
  [ 94  94  94]]

 [[133 132 134]
  [133 132 134]
  [133 132 134]
  ..., 
  [ 78  78  78]
  [ 79  79  79]
  [ 83  83  83]]

 [[133 132 134]
  [133 132 134]
  [133 132 134]
  ..., 
  [ 78  78  78]
  [ 79  79  79]
  [ 83  83  83]]]