[[[ 17  37  31]
  [ 22  42  37]
  [ 25  45  39]
  ..., 
  [128 134 135]
  [139 148 148]
  [151 160 161]]

 [[ 12  32  26]
  [ 18  38  32]
  [ 21  41  36]
  ..., 
  [ 99 107 108]
  [102 112 112]
  [111 121 122]]

 [[  3  23  17]
  [  5  25  19]
  [ 12  32  26]
  ..., 
  [ 57  66  68]
  [ 60  71  72]
  [ 63  73  74]]

 ..., 
 [[134 133 136]
  [134 133 136]
  [134 133 136]
  ..., 
  [ 71  71  71]
  [ 84  84  84]
  [ 90  90  90]]

 [[133 132 134]
  [133 132 134]
  [133 132 134]
  ..., 
  [ 78  78  78]
  [ 79  79  79]
  [ 84  84  84]]

 [[133 132 134]
  [133 132 134]
  [133 132 134]
  ..., 
  [ 78  78  78]
  [ 79  79  79]
  [ 84  84  84]]]