[[[ 16  37  34]
  [ 22  43  40]
  [ 22  43  40]
  ..., 
  [129 136 137]
  [134 143 144]
  [151 160 161]]

 [[ 10  32  28]
  [ 16  37  34]
  [ 20  42  39]
  ..., 
  [102 109 110]
  [100 109 110]
  [112 122 123]]

 [[  0  21  18]
  [  2  23  20]
  [ 11  33  29]
  ..., 
  [ 59  68  70]
  [ 60  71  72]
  [ 64  75  75]]

 ..., 
 [[134 133 136]
  [134 133 136]
  [134 133 136]
  ..., 
  [ 71  71  71]
  [ 84  84  84]
  [ 87  87  87]]

 [[133 132 134]
  [133 132 134]
  [133 132 134]
  ..., 
  [ 79  79  80]
  [ 80  80  80]
  [ 84  84  84]]

 [[133 132 134]
  [133 132 134]
  [133 132 134]
  ..., 
  [ 79  79  80]
  [ 80  80  80]
  [ 84  84  84]]]