[[[ 15  37  31]
  [ 23  45  39]
  [ 23  45  39]
  ..., 
  [128 134 135]
  [138 146 147]
  [149 158 159]]

 [[  8  30  24]
  [ 15  37  31]
  [ 18  41  35]
  ..., 
  [ 99 107 108]
  [102 112 112]
  [112 122 123]]

 [[  0  22  16]
  [  1  23  17]
  [  9  31  25]
  ..., 
  [ 60  69  71]
  [ 58  69  69]
  [ 59  70  70]]

 ..., 
 [[132 134 136]
  [132 134 136]
  [132 134 136]
  ..., 
  [ 70  70  70]
  [ 83  83  83]
  [ 86  86  86]]

 [[131 132 134]
  [131 132 134]
  [131 132 134]
  ..., 
  [ 78  78  78]
  [ 78  78  78]
  [ 80  80  80]]

 [[131 132 134]
  [131 132 134]
  [131 132 134]
  ..., 
  [ 78  78  78]
  [ 78  78  78]
  [ 80  80  80]]]