[[[ 15  37  31]
  [ 23  45  39]
  [ 22  44  38]
  ..., 
  [128 134 135]
  [141 150 151]
  [148 157 158]]

 [[  9  31  25]
  [ 13  36  30]
  [ 17  39  33]
  ..., 
  [ 94 101 102]
  [102 112 112]
  [110 120 120]]

 [[  2  24  18]
  [  1  23  17]
  [  9  31  25]
  ..., 
  [ 55  63  65]
  [ 57  68  68]
  [ 57  68  68]]

 ..., 
 [[133 135 137]
  [133 135 137]
  [133 135 137]
  ..., 
  [ 72  72  72]
  [ 79  79  79]
  [ 84  84  84]]

 [[134 136 138]
  [134 136 138]
  [134 136 138]
  ..., 
  [ 81  82  82]
  [ 79  79  79]
  [ 80  80  80]]

 [[134 136 138]
  [134 136 138]
  [134 136 138]
  ..., 
  [ 81  82  82]
  [ 79  79  79]
  [ 80  80  80]]]