[[[ 18  40  36]
  [ 23  44  41]
  [ 25  47  43]
  ..., 
  [127 133 134]
  [140 149 150]
  [145 155 155]]

 [[  8  29  26]
  [ 15  36  33]
  [ 19  41  37]
  ..., 
  [ 96 103 104]
  [104 114 115]
  [108 117 118]]

 [[  3  25  21]
  [  5  27  23]
  [  6  28  25]
  ..., 
  [ 57  66  68]
  [ 59  70  70]
  [ 54  65  66]]

 ..., 
 [[133 135 137]
  [133 135 137]
  [133 135 137]
  ..., 
  [ 80  80  81]
  [ 91  91  91]
  [ 97  97  97]]

 [[134 136 138]
  [134 136 138]
  [134 136 138]
  ..., 
  [ 77  77  77]
  [ 77  77  77]
  [ 79  79  79]]

 [[134 136 138]
  [134 136 138]
  [134 136 138]
  ..., 
  [ 77  77  77]
  [ 77  77  77]
  [ 79  79  79]]]