[[[ 19  39  33]
  [ 21  41  36]
  [ 27  47  42]
  ..., 
  [126 136 134]
  [138 147 146]
  [145 154 153]]

 [[  6  26  21]
  [ 14  34  29]
  [ 17  37  31]
  ..., 
  [ 93 103 101]
  [103 112 111]
  [107 117 115]]

 [[  0  20  15]
  [  6  26  21]
  [  8  29  23]
  ..., 
  [ 54  63  62]
  [ 53  62  61]
  [ 54  63  62]]

 ..., 
 [[131 134 138]
  [130 133 137]
  [128 131 135]
  ..., 
  [ 72  74  74]
  [ 83  85  85]
  [ 93  96  96]]

 [[131 134 138]
  [130 133 137]
  [128 131 135]
  ..., 
  [ 78  79  79]
  [ 80  82  82]
  [ 79  82  82]]

 [[131 134 138]
  [130 133 137]
  [128 131 135]
  ..., 
  [ 78  79  79]
  [ 80  82  82]
  [ 79  82  82]]]