[[[ 16  40  36]
  [ 21  45  41]
  [ 23  47  43]
  ..., 
  [127 133 134]
  [140 149 150]
  [145 155 155]]

 [[  6  30  26]
  [ 13  37  33]
  [ 17  41  37]
  ..., 
  [ 96 103 104]
  [104 114 115]
  [108 117 118]]

 [[  1  25  21]
  [  3  27  23]
  [  4  28  25]
  ..., 
  [ 57  66  68]
  [ 59  70  70]
  [ 54  65  66]]

 ..., 
 [[133 135 137]
  [133 135 137]
  [132 134 136]
  ..., 
  [ 77  77  77]
  [ 94  94  94]
  [ 92  92  92]]

 [[134 136 138]
  [134 136 138]
  [132 134 136]
  ..., 
  [ 77  77  77]
  [ 83  83  83]
  [ 75  75  75]]

 [[134 136 138]
  [134 136 138]
  [132 134 136]
  ..., 
  [ 77  77  77]
  [ 83  83  83]
  [ 75  75  75]]]