[[[ 17  39  35]
  [ 20  42  39]
  [ 23  44  41]
  ..., 
  [126 132 133]
  [140 149 150]
  [147 156 157]]

 [[ 11  33  29]
  [ 17  39  35]
  [ 18  40  36]
  ..., 
  [ 96 103 104]
  [103 113 113]
  [107 116 117]]

 [[  4  26  22]
  [  8  29  26]
  [  8  29  26]
  ..., 
  [ 59  68  70]
  [ 60  71  72]
  [ 56  66  67]]

 ..., 
 [[133 135 137]
  [133 135 137]
  [132 134 136]
  ..., 
  [ 76  76  76]
  [ 92  92  92]
  [ 90  90  90]]

 [[134 136 138]
  [134 136 138]
  [132 134 136]
  ..., 
  [ 78  78  78]
  [ 82  82  82]
  [ 75  75  75]]

 [[134 136 138]
  [134 136 138]
  [132 134 136]
  ..., 
  [ 78  78  78]
  [ 82  82  82]
  [ 75  75  75]]]