[[[ 18  40  36]
  [ 24  46  42]
  [ 25  47  43]
  ..., 
  [125 131 132]
  [138 146 147]
  [147 156 157]]

 [[  9  30  27]
  [ 16  37  34]
  [ 18  40  36]
  ..., 
  [ 97 104 106]
  [103 113 113]
  [105 115 116]]

 [[  1  22  19]
  [  5  27  23]
  [  8  29  26]
  ..., 
  [ 59  68  70]
  [ 60  71  72]
  [ 57  68  68]]

 ..., 
 [[133 135 137]
  [133 135 137]
  [132 134 136]
  ..., 
  [ 86  86  87]
  [ 98  98  98]
  [ 99  99  99]]

 [[134 136 138]
  [134 136 138]
  [132 134 136]
  ..., 
  [ 80  80  81]
  [ 83  83  83]
  [ 80  80  80]]

 [[134 136 138]
  [134 136 138]
  [132 134 136]
  ..., 
  [ 80  80  81]
  [ 83  83  83]
  [ 80  80  80]]]