[[[ 17  38  37]
  [ 25  46  45]
  [ 26  47  46]
  ..., 
  [128 134 136]
  [133 142 143]
  [149 158 159]]

 [[ 10  31  30]
  [ 16  37  35]
  [ 18  39  38]
  ..., 
  [ 96 103 104]
  [104 114 115]
  [108 117 118]]

 [[  2  23  22]
  [  6  27  26]
  [ 10  31  30]
  ..., 
  [ 57  66  68]
  [ 64  75  75]
  [ 59  70  70]]

 ..., 
 [[133 135 137]
  [133 135 137]
  [132 134 136]
  ..., 
  [ 71  71  71]
  [ 85  85  85]
  [ 90  90  90]]

 [[134 136 138]
  [134 136 138]
  [132 134 136]
  ..., 
  [ 77  77  77]
  [ 80  80  80]
  [ 80  80  80]]

 [[134 136 138]
  [134 136 138]
  [132 134 136]
  ..., 
  [ 77  77  77]
  [ 80  80  80]
  [ 80  80  80]]]