[[[ 18  37  34]
  [ 26  45  42]
  [ 28  47  44]
  ..., 
  [126 132 133]
  [134 143 144]
  [144 153 154]]

 [[ 11  30  27]
  [ 17  36  33]
  [ 19  38  35]
  ..., 
  [ 97 104 106]
  [102 112 112]
  [108 117 118]]

 [[  3  22  19]
  [  5  24  21]
  [ 11  30  27]
  ..., 
  [ 62  70  72]
  [ 60  71  72]
  [ 60  71  71]]

 ..., 
 [[133 135 137]
  [133 135 137]
  [132 134 136]
  ..., 
  [ 68  68  68]
  [ 84  84  84]
  [ 92  92  92]]

 [[134 136 138]
  [134 136 138]
  [132 134 136]
  ..., 
  [ 78  78  78]
  [ 79  79  79]
  [ 83  83  83]]

 [[134 136 138]
  [134 136 138]
  [132 134 136]
  ..., 
  [ 78  78  78]
  [ 79  79  79]
  [ 83  83  83]]]