[[[ 19  39  33]
  [ 27  47  42]
  [ 29  49  44]
  ..., 
  [126 132 133]
  [135 144 145]
  [147 156 157]]

 [[ 13  33  28]
  [ 18  38  32]
  [ 20  40  35]
  ..., 
  [ 96 103 104]
  [106 115 116]
  [108 117 118]]

 [[  6  26  21]
  [  7  27  22]
  [ 13  33  28]
  ..., 
  [ 60  69  71]
  [ 63  73  74]
  [ 57  68  68]]

 ..., 
 [[135 137 139]
  [134 136 138]
  [133 135 137]
  ..., 
  [ 71  71  71]
  [ 87  87  87]
  [ 97  97  97]]

 [[137 138 140]
  [137 138 140]
  [134 136 138]
  ..., 
  [ 78  78  78]
  [ 77  77  77]
  [ 80  80  80]]

 [[137 138 140]
  [137 138 140]
  [134 136 138]
  ..., 
  [ 78  78  78]
  [ 77  77  77]
  [ 80  80  80]]]