[[[ 20  40  35]
  [ 22  42  37]
  [ 28  48  43]
  ..., 
  [125 134 133]
  [135 145 143]
  [142 152 150]]

 [[  7  27  22]
  [ 15  35  30]
  [ 18  38  32]
  ..., 
  [ 91 101  99]
  [101 111 110]
  [106 116 114]]

 [[  1  22  16]
  [  7  27  22]
  [ 10  30  24]
  ..., 
  [ 57  67  65]
  [ 56  66  64]
  [ 58  68  66]]

 ..., 
 [[131 134 138]
  [130 133 137]
  [128 131 135]
  ..., 
  [ 63  64  64]
  [ 76  79  78]
  [ 86  89  89]]

 [[131 134 138]
  [130 133 137]
  [128 131 135]
  ..., 
  [ 75  76  76]
  [ 78  81  80]
  [ 81  83  83]]

 [[131 134 138]
  [130 133 137]
  [128 131 135]
  ..., 
  [ 75  76  76]
  [ 78  81  80]
  [ 81  83  83]]]