[[[ 19  36  31]
  [ 23  41  36]
  [ 27  44  39]
  ..., 
  [131 131 133]
  [144 145 147]
  [152 153 155]]

 [[ 13  30  25]
  [ 17  35  30]
  [ 21  39  33]
  ..., 
  [ 99 102 104]
  [108 112 113]
  [112 117 118]]

 [[  7  25  19]
  [  9  27  22]
  [ 14  32  26]
  ..., 
  [ 61  68  69]
  [ 62  69  70]
  [ 63  71  72]]

 ..., 
 [[133 137 139]
  [133 137 139]
  [133 137 139]
  ..., 
  [ 69  69  69]
  [ 83  83  83]
  [ 84  84  84]]

 [[133 137 139]
  [133 137 139]
  [133 137 139]
  ..., 
  [ 78  78  78]
  [ 80  80  80]
  [ 77  77  77]]

 [[133 137 139]
  [133 137 139]
  [133 137 139]
  ..., 
  [ 78  78  78]
  [ 80  80  80]
  [ 77  77  77]]]