[[[ 21  39  33]
  [ 26  43  38]
  [ 24  42  37]
  ..., 
  [134 133 136]
  [144 145 147]
  [156 157 159]]

 [[ 14  32  26]
  [ 20  37  32]
  [ 20  37  32]
  ..., 
  [100 102 104]
  [106 110 111]
  [114 118 119]]

 [[  7  25  19]
  [ 10  28  23]
  [ 14  32  26]
  ..., 
  [ 63  70  72]
  [ 62  69  70]
  [ 63  71  72]]

 ..., 
 [[131 135 137]
  [131 135 137]
  [131 135 137]
  ..., 
  [ 69  69  69]
  [ 83  83  83]
  [ 91  91  91]]

 [[131 135 137]
  [131 135 137]
  [131 135 137]
  ..., 
  [ 77  77  77]
  [ 79  79  79]
  [ 80  80  80]]

 [[131 135 137]
  [131 135 137]
  [131 135 137]
  ..., 
  [ 77  77  77]
  [ 79  79  79]
  [ 80  80  80]]]