[[[ 20  37  32]
  [ 24  42  37]
  [ 23  41  36]
  ..., 
  [134 133 136]
  [144 145 147]
  [156 157 159]]

 [[ 13  30  25]
  [ 19  36  31]
  [ 19  36  31]
  ..., 
  [100 102 104]
  [106 110 111]
  [114 118 119]]

 [[  6  23  18]
  [  9  27  22]
  [ 13  30  25]
  ..., 
  [ 63  70  72]
  [ 62  69  70]
  [ 63  71  72]]

 ..., 
 [[132 136 138]
  [132 136 138]
  [132 136 138]
  ..., 
  [ 69  69  69]
  [ 83  83  83]
  [ 91  91  91]]

 [[132 136 138]
  [132 136 138]
  [132 136 138]
  ..., 
  [ 77  77  77]
  [ 79  79  79]
  [ 80  80  80]]

 [[132 136 138]
  [132 136 138]
  [132 136 138]
  ..., 
  [ 77  77  77]
  [ 79  79  79]
  [ 80  80  80]]]