[[[ 20  37  32]
  [ 26  43  38]
  [ 21  39  33]
  ..., 
  [133 132 134]
  [142 143 145]
  [154 156 158]]

 [[ 13  30  25]
  [ 21  39  33]
  [ 20  37  32]
  ..., 
  [ 98 101 103]
  [106 110 111]
  [115 119 120]]

 [[  5  22  17]
  [  8  26  21]
  [ 12  29  24]
  ..., 
  [ 63  70  72]
  [ 61  68  69]
  [ 61  68  69]]

 ..., 
 [[131 135 137]
  [131 135 137]
  [131 135 137]
  ..., 
  [ 68  68  68]
  [ 82  82  82]
  [ 86  86  86]]

 [[131 135 137]
  [131 135 137]
  [131 135 137]
  ..., 
  [ 81  81  82]
  [ 84  84  84]
  [ 78  78  78]]

 [[131 135 137]
  [131 135 137]
  [131 135 137]
  ..., 
  [ 81  81  82]
  [ 84  84  84]
  [ 78  78  78]]]