[[[ 19  42  36]
  [ 22  44  38]
  [ 25  48  42]
  ..., 
  [123 133 132]
  [135 145 143]
  [141 151 149]]

 [[  8  30  24]
  [ 12  35  29]
  [ 17  39  33]
  ..., 
  [ 91 101  99]
  [103 112 111]
  [106 116 114]]

 [[  0  22  16]
  [  4  27  21]
  [  9  31  25]
  ..., 
  [ 57  67  65]
  [ 57  67  65]
  [ 58  68  66]]

 ..., 
 [[131 134 138]
  [130 133 137]
  [128 131 135]
  ..., 
  [ 63  64  64]
  [ 76  79  78]
  [ 86  89  89]]

 [[131 134 138]
  [130 133 137]
  [128 131 135]
  ..., 
  [ 75  76  76]
  [ 78  81  80]
  [ 81  83  83]]

 [[131 134 138]
  [130 133 137]
  [128 131 135]
  ..., 
  [ 75  76  76]
  [ 78  81  80]
  [ 81  83  83]]]