[[[ 20  37  32]
  [ 26  43  38]
  [ 21  39  33]
  ..., 
  [133 132 134]
  [144 145 147]
  [153 154 157]]

 [[ 13  30  25]
  [ 21  39  33]
  [ 20  37  32]
  ..., 
  [ 96  99 101]
  [108 112 113]
  [116 120 122]]

 [[  5  22  17]
  [  8  26  21]
  [ 12  29  24]
  ..., 
  [ 60  67  68]
  [ 62  69  70]
  [ 59  67  68]]

 ..., 
 [[131 135 137]
  [131 135 137]
  [131 135 137]
  ..., 
  [ 66  66  67]
  [ 80  80  80]
  [ 85  85  85]]

 [[131 135 137]
  [131 135 137]
  [131 135 137]
  ..., 
  [ 81  81  82]
  [ 84  84  84]
  [ 77  77  77]]

 [[131 135 137]
  [131 135 137]
  [131 135 137]
  ..., 
  [ 81  81  82]
  [ 84  84  84]
  [ 77  77  77]]]