[[[ 19  39  33]
  [ 22  42  37]
  [ 20  40  35]
  ..., 
  [134 133 136]
  [145 146 148]
  [153 154 157]]

 [[ 10  30  24]
  [ 17  37  31]
  [ 17  37  31]
  ..., 
  [ 98 101 103]
  [109 113 115]
  [116 120 122]]

 [[  0  20  15]
  [  5  25  19]
  [  7  27  22]
  ..., 
  [ 59  66  67]
  [ 59  67  68]
  [ 58  66  67]]

 ..., 
 [[131 135 137]
  [131 135 137]
  [131 135 137]
  ..., 
  [ 66  66  67]
  [ 80  80  80]
  [ 85  85  85]]

 [[131 135 137]
  [131 135 137]
  [131 135 137]
  ..., 
  [ 81  81  82]
  [ 84  84  84]
  [ 77  77  77]]

 [[131 135 137]
  [131 135 137]
  [131 135 137]
  ..., 
  [ 81  81  82]
  [ 84  84  84]
  [ 77  77  77]]]