[[[ 24  42  37]
  [ 23  41  36]
  [ 28  46  40]
  ..., 
  [133 132 134]
  [143 144 146]
  [150 151 153]]

 [[ 10  28  23]
  [ 15  33  28]
  [ 20  37  32]
  ..., 
  [ 98 101 103]
  [108 112 113]
  [112 117 118]]

 [[  6  23  18]
  [  8  26  21]
  [ 13  30  25]
  ..., 
  [ 59  66  67]
  [ 58  66  67]
  [ 59  67  68]]

 ..., 
 [[132 135 140]
  [131 134 138]
  [129 132 136]
  ..., 
  [ 63  63  63]
  [ 78  78  78]
  [ 84  84  84]]

 [[132 135 140]
  [132 135 140]
  [130 133 137]
  ..., 
  [ 77  77  77]
  [ 83  83  83]
  [ 84  84  84]]

 [[132 135 140]
  [132 135 140]
  [130 133 137]
  ..., 
  [ 77  77  77]
  [ 83  83  83]
  [ 84  84  84]]]