[[[ 24  42  37]
  [ 22  40  35]
  [ 28  46  40]
  ..., 
  [133 132 134]
  [144 145 147]
  [151 152 154]]

 [[ 14  32  26]
  [ 15  33  28]
  [ 23  41  36]
  ..., 
  [ 98 101 103]
  [107 111 112]
  [111 115 117]]

 [[  6  23  18]
  [  8  26  21]
  [ 16  34  29]
  ..., 
  [ 57  65  66]
  [ 58  66  67]
  [ 59  67  68]]

 ..., 
 [[132 135 140]
  [131 134 138]
  [129 132 136]
  ..., 
  [ 66  66  67]
  [ 86  86  86]
  [ 94  94  94]]

 [[132 135 140]
  [132 135 140]
  [130 133 137]
  ..., 
  [ 75  74  75]
  [ 80  80  80]
  [ 82  82  82]]

 [[132 135 140]
  [132 135 140]
  [130 133 137]
  ..., 
  [ 75  74  75]
  [ 80  80  80]
  [ 82  82  82]]]