[[[ 21  40  37]
  [ 25  44  41]
  [ 25  44  41]
  ..., 
  [123 133 132]
  [135 145 143]
  [141 151 149]]

 [[  8  28  25]
  [ 15  35  32]
  [ 18  37  34]
  ..., 
  [ 91 101  99]
  [103 112 111]
  [106 116 114]]

 [[  1  21  18]
  [  7  27  23]
  [ 11  30  27]
  ..., 
  [ 57  67  65]
  [ 57  67  65]
  [ 58  68  66]]

 ..., 
 [[131 134 138]
  [130 133 137]
  [128 131 135]
  ..., 
  [ 63  64  64]
  [ 76  79  78]
  [ 86  89  89]]

 [[131 134 138]
  [130 133 137]
  [128 131 135]
  ..., 
  [ 75  76  76]
  [ 78  81  80]
  [ 81  83  83]]

 [[131 134 138]
  [130 133 137]
  [128 131 135]
  ..., 
  [ 75  76  76]
  [ 78  81  80]
  [ 81  83  83]]]