[[[ 21  39  33]
  [ 23  41  36]
  [ 28  46  40]
  ..., 
  [135 134 137]
  [139 140 143]
  [153 154 157]]

 [[ 16  34  29]
  [ 17  35  30]
  [ 24  42  37]
  ..., 
  [102 105 106]
  [103 107 109]
  [111 115 117]]

 [[  7  25  19]
  [  6  23  18]
  [ 16  34  29]
  ..., 
  [ 56  63  65]
  [ 59  67  68]
  [ 61  68  69]]

 ..., 
 [[130 133 137]
  [130 133 137]
  [129 132 136]
  ..., 
  [ 69  69  69]
  [ 79  79  79]
  [ 89  89  89]]

 [[130 133 137]
  [131 134 138]
  [130 133 137]
  ..., 
  [ 77  77  77]
  [ 78  78  78]
  [ 83  83  83]]

 [[130 133 137]
  [131 134 138]
  [130 133 137]
  ..., 
  [ 77  77  77]
  [ 78  78  78]
  [ 83  83  83]]]