[[[ 21  39  33]
  [ 27  44  39]
  [ 27  44  39]
  ..., 
  [135 134 137]
  [141 142 144]
  [154 156 158]]

 [[ 14  32  26]
  [ 20  37  32]
  [ 24  42  37]
  ..., 
  [102 105 106]
  [104 108 110]
  [112 117 118]]

 [[  7  25  19]
  [  7  25  19]
  [ 15  33  28]
  ..., 
  [ 59  66  67]
  [ 62  69  70]
  [ 62  69  70]]

 ..., 
 [[130 133 137]
  [130 133 137]
  [129 132 136]
  ..., 
  [ 70  70  70]
  [ 80  80  80]
  [ 87  87  87]]

 [[130 133 137]
  [131 134 138]
  [130 133 137]
  ..., 
  [ 79  79  80]
  [ 79  79  79]
  [ 82  82  82]]

 [[130 133 137]
  [131 134 138]
  [130 133 137]
  ..., 
  [ 79  79  80]
  [ 79  79  79]
  [ 82  82  82]]]