[[[ 21  39  33]
  [ 27  44  39]
  [ 27  44  39]
  ..., 
  [135 136 134]
  [139 141 141]
  [154 156 156]]

 [[ 14  32  26]
  [ 20  37  32]
  [ 24  42  37]
  ..., 
  [102 106 104]
  [102 107 106]
  [111 116 115]]

 [[  7  25  19]
  [  7  25  19]
  [ 15  33  28]
  ..., 
  [ 59  67  65]
  [ 61  69  68]
  [ 62  70  69]]

 ..., 
 [[129 132 136]
  [129 132 136]
  [129 132 136]
  ..., 
  [ 70  70  70]
  [ 80  80  80]
  [ 87  87  87]]

 [[129 132 136]
  [130 133 137]
  [130 133 137]
  ..., 
  [ 79  79  80]
  [ 79  79  79]
  [ 82  82  82]]

 [[129 132 136]
  [130 133 137]
  [130 133 137]
  ..., 
  [ 79  79  80]
  [ 79  79  79]
  [ 82  82  82]]]