[[[ 20  40  35]
  [ 20  40  35]
  [ 26  46  40]
  ..., 
  [135 137 132]
  [137 140 137]
  [152 155 152]]

 [[ 13  33  28]
  [ 19  39  33]
  [ 20  40  35]
  ..., 
  [101 106 101]
  [101 106 103]
  [111 117 114]]

 [[  3  23  17]
  [  8  29  23]
  [  8  29  23]
  ..., 
  [ 60  69  64]
  [ 58  68  63]
  [ 59  69  64]]

 ..., 
 [[130 133 137]
  [130 133 137]
  [130 133 137]
  ..., 
  [ 70  70  70]
  [ 80  80  80]
  [ 87  87  87]]

 [[130 133 137]
  [131 134 138]
  [131 134 138]
  ..., 
  [ 79  79  80]
  [ 79  79  79]
  [ 82  82  82]]

 [[130 133 137]
  [131 134 138]
  [131 134 138]
  ..., 
  [ 79  79  80]
  [ 79  79  79]
  [ 82  82  82]]]