[[[ 22  39  36]
  [ 26  42  40]
  [ 27  44  41]
  ..., 
  [123 134 134]
  [133 144 145]
  [149 161 161]]

 [[ 15  32  29]
  [ 20  37  34]
  [ 21  38  35]
  ..., 
  [ 90 101 102]
  [ 98 110 110]
  [107 119 119]]

 [[  3  20  18]
  [  9  26  23]
  [ 13  30  27]
  ..., 
  [ 51  63  64]
  [ 50  63  63]
  [ 50  63  63]]

 ..., 
 [[130 134 136]
  [130 134 136]
  [130 134 136]
  ..., 
  [ 61  61  61]
  [ 76  76  76]
  [ 89  89  89]]

 [[130 134 136]
  [130 134 136]
  [130 134 136]
  ..., 
  [ 77  77  77]
  [ 79  79  79]
  [ 80  80  80]]

 [[130 134 136]
  [130 134 136]
  [130 134 136]
  ..., 
  [ 77  77  77]
  [ 79  79  79]
  [ 80  80  80]]]