[[[ 22  40  35]
  [ 26  43  38]
  [ 27  44  39]
  ..., 
  [122 133 133]
  [133 144 145]
  [149 161 161]]

 [[ 15  33  28]
  [ 20  37  32]
  [ 21  39  33]
  ..., 
  [ 89 100 101]
  [ 98 110 110]
  [108 120 120]]

 [[  3  21  16]
  [  9  27  22]
  [ 13  30  25]
  ..., 
  [ 51  63  64]
  [ 51  64  65]
  [ 52  66  66]]

 ..., 
 [[130 134 136]
  [129 133 134]
  [128 132 133]
  ..., 
  [ 64  64  64]
  [ 79  79  79]
  [ 90  90  90]]

 [[131 135 137]
  [130 134 136]
  [128 132 133]
  ..., 
  [ 78  78  78]
  [ 80  80  80]
  [ 80  80  80]]

 [[131 135 137]
  [130 134 136]
  [128 132 133]
  ..., 
  [ 78  78  78]
  [ 80  80  80]
  [ 80  80  80]]]