[[[ 22  40  35]
  [ 28  46  40]
  [ 29  47  42]
  ..., 
  [125 135 135]
  [133 144 145]
  [147 158 159]]

 [[ 15  33  28]
  [ 21  39  33]
  [ 23  41  36]
  ..., 
  [ 95 106 107]
  [100 112 112]
  [107 119 119]]

 [[  5  22  17]
  [  8  26  21]
  [ 15  33  28]
  ..., 
  [ 58  70  71]
  [ 56  69  69]
  [ 54  67  67]]

 ..., 
 [[130 134 136]
  [129 133 134]
  [128 132 133]
  ..., 
  [ 69  69  69]
  [ 84  84  84]
  [ 94  94  94]]

 [[131 135 137]
  [130 134 136]
  [128 132 133]
  ..., 
  [ 78  78  78]
  [ 80  80  80]
  [ 84  84  84]]

 [[131 135 137]
  [130 134 136]
  [128 132 133]
  ..., 
  [ 78  78  78]
  [ 80  80  80]
  [ 84  84  84]]]