[[[ 15  33  28]
  [ 24  42  37]
  [ 31  49  44]
  ..., 
  [125 135 135]
  [133 144 145]
  [145 156 157]]

 [[ 12  29  24]
  [ 15  33  28]
  [ 19  36  31]
  ..., 
  [ 95 106 107]
  [ 99 111 111]
  [106 118 118]]

 [[  5  22  17]
  [  6  23  18]
  [ 13  30  25]
  ..., 
  [ 56  67  69]
  [ 54  67  67]
  [ 54  67  67]]

 ..., 
 [[130 133 137]
  [130 133 137]
  [128 131 135]
  ..., 
  [ 64  64  64]
  [ 76  76  76]
  [ 85  85  85]]

 [[131 134 138]
  [131 134 138]
  [129 132 136]
  ..., 
  [ 80  80  81]
  [ 83  83  83]
  [ 84  84  84]]

 [[131 134 138]
  [131 134 138]
  [129 132 136]
  ..., 
  [ 80  80  81]
  [ 83  83  83]
  [ 84  84  84]]]