[[[ 19  39  33]
  [ 25  45  39]
  [ 24  44  38]
  ..., 
  [125 134 133]
  [132 141 140]
  [135 145 143]]

 [[ 12  32  26]
  [ 18  38  32]
  [ 21  41  36]
  ..., 
  [ 93 103 101]
  [103 112 111]
  [104 113 112]]

 [[  5  25  19]
  [  8  29  23]
  [ 14  34  29]
  ..., 
  [ 59  68  66]
  [ 58  68  66]
  [ 61  70  69]]

 ..., 
 [[129 136 137]
  [128 134 136]
  [126 132 133]
  ..., 
  [ 63  64  64]
  [ 76  79  78]
  [ 85  88  87]]

 [[129 136 137]
  [128 134 136]
  [126 132 133]
  ..., 
  [ 75  76  76]
  [ 78  81  80]
  [ 79  82  82]]

 [[129 136 137]
  [128 134 136]
  [126 132 133]
  ..., 
  [ 75  76  76]
  [ 78  81  80]
  [ 79  82  82]]]