[[[ 22  39  36]
  [ 29  46  43]
  [ 28  45  42]
  ..., 
  [126 136 137]
  [137 148 148]
  [148 160 160]]

 [[ 15  32  29]
  [ 17  34  32]
  [ 17  34  32]
  ..., 
  [ 97 108 109]
  [102 114 115]
  [103 115 116]]

 [[  8  25  22]
  [  7  24  21]
  [ 10  27  25]
  ..., 
  [ 58  70  71]
  [ 55  68  68]
  [ 50  63  63]]

 ..., 
 [[130 134 136]
  [130 134 136]
  [129 133 134]
  ..., 
  [ 79  79  79]
  [ 91  91  91]
  [ 98  98  98]]

 [[131 135 137]
  [131 135 137]
  [130 134 136]
  ..., 
  [ 78  78  78]
  [ 82  82  82]
  [ 79  79  79]]

 [[131 135 137]
  [131 135 137]
  [130 134 136]
  ..., 
  [ 78  78  78]
  [ 82  82  82]
  [ 79  79  79]]]