[[[ 22  40  35]
  [ 29  47  42]
  [ 28  46  40]
  ..., 
  [128 139 139]
  [138 149 150]
  [148 160 160]]

 [[ 15  33  28]
  [ 17  35  30]
  [ 17  35  30]
  ..., 
  [ 96 107 108]
  [104 115 116]
  [105 117 117]]

 [[  8  26  21]
  [  7  25  19]
  [ 10  28  23]
  ..., 
  [ 57  69  70]
  [ 56  69  69]
  [ 51  64  64]]

 ..., 
 [[130 134 136]
  [130 134 136]
  [129 133 134]
  ..., 
  [ 76  76  76]
  [ 89  89  89]
  [ 98  98  98]]

 [[131 135 137]
  [131 135 137]
  [130 134 136]
  ..., 
  [ 75  75  75]
  [ 79  79  79]
  [ 79  79  79]]

 [[131 135 137]
  [131 135 137]
  [130 134 136]
  ..., 
  [ 75  75  75]
  [ 79  79  79]
  [ 79  79  79]]]