[[[ 22  41  33]
  [ 28  46  39]
  [ 28  46  39]
  ..., 
  [129 140 140]
  [134 146 146]
  [149 161 161]]

 [[ 15  34  26]
  [ 16  35  27]
  [ 17  36  28]
  ..., 
  [ 96 107 108]
  [104 115 116]
  [106 118 118]]

 [[  8  27  19]
  [  6  24  17]
  [ 10  29  21]
  ..., 
  [ 56  67  69]
  [ 57  70  70]
  [ 52  66  66]]

 ..., 
 [[130 134 136]
  [130 134 136]
  [129 133 134]
  ..., 
  [ 78  78  78]
  [ 85  85  85]
  [ 97  97  97]]

 [[131 135 137]
  [131 135 137]
  [130 134 136]
  ..., 
  [ 80  80  81]
  [ 77  77  77]
  [ 78  78  78]]

 [[131 135 137]
  [131 135 137]
  [130 134 136]
  ..., 
  [ 80  80  81]
  [ 77  77  77]
  [ 78  78  78]]]