[[[ 15  35  30]
  [ 21  41  36]
  [ 24  44  38]
  ..., 
  [125 134 133]
  [132 141 140]
  [135 145 143]]

 [[ 11  31  25]
  [ 14  34  29]
  [ 18  38  32]
  ..., 
  [ 93 103 101]
  [103 112 111]
  [104 113 112]]

 [[  1  22  16]
  [  5  25  19]
  [ 12  32  26]
  ..., 
  [ 57  67  65]
  [ 60  69  68]
  [ 63  73  71]]

 ..., 
 [[129 136 137]
  [128 134 136]
  [126 132 133]
  ..., 
  [ 64  65  66]
  [ 75  77  77]
  [ 84  87  86]]

 [[129 136 137]
  [128 134 136]
  [126 132 133]
  ..., 
  [ 76  77  77]
  [ 77  80  79]
  [ 77  80  79]]

 [[129 136 137]
  [128 134 136]
  [126 132 133]
  ..., 
  [ 76  77  77]
  [ 77  80  79]
  [ 77  80  79]]]