[[[ 22  42  37]
  [ 25  45  39]
  [ 24  44  38]
  ..., 
  [124 131 132]
  [136 142 144]
  [145 152 153]]

 [[ 17  37  31]
  [ 17  37  31]
  [ 17  37  31]
  ..., 
  [ 95 102 103]
  [104 111 112]
  [102 109 110]]

 [[  4  24  18]
  [  7  27  22]
  [ 11  31  25]
  ..., 
  [ 59  67  69]
  [ 62  71  72]
  [ 53  61  62]]

 ..., 
 [[128 132 133]
  [128 132 133]
  [128 132 133]
  ..., 
  [ 76  78  78]
  [ 88  90  90]
  [ 91  94  93]]

 [[128 132 133]
  [128 132 133]
  [128 132 133]
  ..., 
  [ 73  76  76]
  [ 77  80  79]
  [ 77  80  79]]

 [[128 132 133]
  [128 132 133]
  [128 132 133]
  ..., 
  [ 73  76  76]
  [ 77  80  79]
  [ 77  80  79]]]