[[[ 21  39  33]
  [ 23  41  36]
  [ 26  43  38]
  ..., 
  [124 131 132]
  [136 142 144]
  [145 152 153]]

 [[ 16  34  29]
  [ 17  35  30]
  [ 21  39  33]
  ..., 
  [ 95 102 103]
  [104 111 112]
  [102 109 110]]

 [[  5  22  17]
  [  8  26  21]
  [ 14  32  26]
  ..., 
  [ 59  67  69]
  [ 62  71  72]
  [ 53  61  62]]

 ..., 
 [[128 132 133]
  [128 132 133]
  [128 132 133]
  ..., 
  [ 73  76  76]
  [ 85  88  87]
  [ 91  94  93]]

 [[128 132 133]
  [128 132 133]
  [128 132 133]
  ..., 
  [ 75  77  77]
  [ 78  81  80]
  [ 77  80  79]]

 [[128 132 133]
  [128 132 133]
  [128 132 133]
  ..., 
  [ 75  77  77]
  [ 78  81  80]
  [ 77  80  79]]]