[[[ 20  37  32]
  [ 22  40  35]
  [ 26  43  38]
  ..., 
  [123 130 131]
  [134 140 141]
  [143 149 151]]

 [[ 16  34  29]
  [ 16  34  29]
  [ 21  39  33]
  ..., 
  [ 91  98 100]
  [104 111 112]
  [106 113 115]]

 [[  5  22  17]
  [  7  25  19]
  [ 14  32  26]
  ..., 
  [ 59  67  69]
  [ 64  72  73]
  [ 55  64  64]]

 ..., 
 [[130 134 136]
  [130 134 136]
  [130 134 136]
  ..., 
  [ 70  73  72]
  [ 85  88  87]
  [ 92  95  94]]

 [[130 134 136]
  [130 134 136]
  [130 134 136]
  ..., 
  [ 73  76  76]
  [ 76  79  78]
  [ 74  76  76]]

 [[130 134 136]
  [130 134 136]
  [130 134 136]
  ..., 
  [ 73  76  76]
  [ 76  79  78]
  [ 74  76  76]]]