[[[ 20  37  32]
  [ 22  40  35]
  [ 26  43  38]
  ..., 
  [129 135 137]
  [138 145 146]
  [148 154 155]]

 [[ 16  34  29]
  [ 16  34  29]
  [ 21  39  33]
  ..., 
  [ 95 102 103]
  [108 115 116]
  [111 118 119]]

 [[  5  22  17]
  [  7  25  19]
  [ 14  32  26]
  ..., 
  [ 56  64  66]
  [ 65  73  74]
  [ 58  66  67]]

 ..., 
 [[130 134 136]
  [130 134 136]
  [130 134 136]
  ..., 
  [ 70  73  72]
  [ 85  88  87]
  [ 92  95  94]]

 [[130 134 136]
  [130 134 136]
  [130 134 136]
  ..., 
  [ 73  76  76]
  [ 76  79  78]
  [ 74  76  76]]

 [[130 134 136]
  [130 134 136]
  [130 134 136]
  ..., 
  [ 73  76  76]
  [ 76  79  78]
  [ 74  76  76]]]