[[[ 15  35  30]
  [ 22  42  37]
  [ 24  44  38]
  ..., 
  [125 134 133]
  [132 141 140]
  [135 145 143]]

 [[ 11  31  25]
  [ 15  35  30]
  [ 18  38  32]
  ..., 
  [ 92 102 100]
  [101 111 110]
  [103 112 111]]

 [[  0  20  15]
  [  6  26  21]
  [ 13  33  28]
  ..., 
  [ 55  65  63]
  [ 60  69  68]
  [ 64  74  72]]

 ..., 
 [[129 136 137]
  [128 134 136]
  [126 132 133]
  ..., 
  [ 67  68  68]
  [ 75  77  77]
  [ 83  86  85]]

 [[129 136 137]
  [128 134 136]
  [126 132 133]
  ..., 
  [ 80  82  82]
  [ 77  80  79]
  [ 76  79  78]]

 [[129 136 137]
  [128 134 136]
  [126 132 133]
  ..., 
  [ 80  82  82]
  [ 77  80  79]
  [ 76  79  78]]]