[[[ 20  37  32]
  [ 22  40  35]
  [ 26  43  38]
  ..., 
  [130 137 138]
  [140 146 147]
  [151 158 159]]

 [[ 16  34  29]
  [ 16  34  29]
  [ 21  39  33]
  ..., 
  [ 98 105 107]
  [104 111 112]
  [116 123 124]]

 [[  5  22  17]
  [  7  25  19]
  [ 14  32  26]
  ..., 
  [ 59  67  69]
  [ 59  67  68]
  [ 61  70  70]]

 ..., 
 [[130 134 136]
  [130 134 136]
  [130 134 136]
  ..., 
  [ 70  73  72]
  [ 87  89  89]
  [ 94  96  96]]

 [[130 134 136]
  [130 134 136]
  [130 134 136]
  ..., 
  [ 77  80  79]
  [ 80  82  82]
  [ 76  79  78]]

 [[130 134 136]
  [130 134 136]
  [130 134 136]
  ..., 
  [ 77  80  79]
  [ 80  82  82]
  [ 76  79  78]]]