[[[ 20  37  32]
  [ 22  40  35]
  [ 26  43  38]
  ..., 
  [130 137 138]
  [140 146 147]
  [150 156 158]]

 [[ 16  34  29]
  [ 16  34  29]
  [ 21  39  33]
  ..., 
  [ 98 105 107]
  [104 111 112]
  [115 122 123]]

 [[  5  22  17]
  [  7  25  19]
  [ 14  32  26]
  ..., 
  [ 59  67  69]
  [ 59  67  68]
  [ 60  68  69]]

 ..., 
 [[130 134 136]
  [130 134 136]
  [130 134 136]
  ..., 
  [ 73  76  76]
  [ 90  92  92]
  [ 97  99  99]]

 [[130 134 136]
  [130 134 136]
  [130 134 136]
  ..., 
  [ 72  75  75]
  [ 75  77  77]
  [ 71  74  73]]

 [[130 134 136]
  [130 134 136]
  [130 134 136]
  ..., 
  [ 72  75  75]
  [ 75  77  77]
  [ 71  74  73]]]