[[[ 20  37  32]
  [ 22  40  35]
  [ 26  43  38]
  ..., 
  [130 137 138]
  [138 145 146]
  [148 154 155]]

 [[ 16  34  29]
  [ 16  34  29]
  [ 21  39  33]
  ..., 
  [100 106 108]
  [104 111 112]
  [112 119 120]]

 [[  5  22  17]
  [  7  25  19]
  [ 14  32  26]
  ..., 
  [ 61  69  71]
  [ 60  68  69]
  [ 59  67  68]]

 ..., 
 [[130 134 136]
  [130 134 136]
  [130 134 136]
  ..., 
  [ 73  76  76]
  [ 90  92  92]
  [ 97  99  99]]

 [[130 134 136]
  [130 134 136]
  [130 134 136]
  ..., 
  [ 75  77  77]
  [ 77  80  79]
  [ 74  76  76]]

 [[130 134 136]
  [130 134 136]
  [130 134 136]
  ..., 
  [ 75  77  77]
  [ 77  80  79]
  [ 74  76  76]]]