[[[ 17  37  31]
  [ 21  41  36]
  [ 22  42  37]
  ..., 
  [129 139 137]
  [133 143 141]
  [143 153 151]]

 [[ 10  30  24]
  [ 15  35  30]
  [ 18  38  32]
  ..., 
  [ 95 105 104]
  [ 98 108 106]
  [105 115 113]]

 [[  6  26  21]
  [  6  26  21]
  [  8  29  23]
  ..., 
  [ 60  69  68]
  [ 54  63  62]
  [ 57  67  65]]

 ..., 
 [[131 134 138]
  [130 133 137]
  [128 131 135]
  ..., 
  [ 62  63  63]
  [ 71  74  73]
  [ 78  81  80]]

 [[131 134 138]
  [130 133 137]
  [128 131 135]
  ..., 
  [ 82  83  83]
  [ 81  83  83]
  [ 76  79  78]]

 [[131 134 138]
  [130 133 137]
  [128 131 135]
  ..., 
  [ 82  83  83]
  [ 81  83  83]
  [ 76  79  78]]]