[[[ 17  37  31]
  [ 20  40  35]
  [ 22  42  37]
  ..., 
  [128 138 136]
  [133 143 141]
  [143 153 151]]

 [[ 10  30  24]
  [ 14  34  29]
  [ 18  38  32]
  ..., 
  [ 93 103 101]
  [ 99 109 107]
  [107 117 115]]

 [[  6  26  21]
  [  6  26  21]
  [  8  29  23]
  ..., 
  [ 57  67  65]
  [ 55  65  63]
  [ 60  69  68]]

 ..., 
 [[130 133 137]
  [129 132 136]
  [126 130 134]
  ..., 
  [ 65  67  67]
  [ 78  81  80]
  [ 89  91  91]]

 [[130 133 137]
  [129 132 136]
  [126 130 134]
  ..., 
  [ 77  78  78]
  [ 77  80  79]
  [ 75  77  77]]

 [[130 133 137]
  [129 132 136]
  [126 130 134]
  ..., 
  [ 77  78  78]
  [ 77  80  79]
  [ 75  77  77]]]