[[[ 22  42  37]
  [ 21  41  36]
  [ 24  44  38]
  ..., 
  [129 135 134]
  [143 150 149]
  [151 158 157]]

 [[ 12  32  26]
  [ 14  34  29]
  [ 19  39  33]
  ..., 
  [ 98 105 104]
  [109 117 115]
  [113 121 120]]

 [[  6  26  21]
  [  6  26  21]
  [ 11  31  25]
  ..., 
  [ 60  69  68]
  [ 62  71  70]
  [ 61  70  69]]

 ..., 
 [[130 133 137]
  [130 133 137]
  [130 133 137]
  ..., 
  [ 81  80  81]
  [ 93  93  93]
  [ 93  93  93]]

 [[130 133 137]
  [130 133 137]
  [130 133 137]
  ..., 
  [ 84  83  83]
  [ 84  84  84]
  [ 81  82  82]]

 [[130 133 137]
  [130 133 137]
  [130 133 137]
  ..., 
  [ 84  83  83]
  [ 84  84  84]
  [ 81  82  82]]]