[[[ 15  40  33]
  [ 23  48  42]
  [ 22  47  40]
  ..., 
  [129 137 135]
  [134 141 140]
  [145 153 151]]

 [[ 10  34  28]
  [ 13  37  31]
  [ 17  41  35]
  ..., 
  [ 96 104 103]
  [102 109 109]
  [106 114 113]]

 [[  2  26  19]
  [  4  27  21]
  [ 11  34  28]
  ..., 
  [ 59  67  68]
  [ 64  72  72]
  [ 59  67  68]]

 ..., 
 [[126 131 135]
  [126 131 135]
  [125 130 134]
  ..., 
  [ 70  70  70]
  [ 80  80  80]
  [ 89  89  89]]

 [[126 132 136]
  [125 131 135]
  [124 130 134]
  ..., 
  [ 77  77  77]
  [ 77  77  77]
  [ 82  82  82]]

 [[127 132 136]
  [126 131 135]
  [124 130 134]
  ..., 
  [ 77  77  77]
  [ 77  77  77]
  [ 82  82  82]]]