[[[ 18  40  36]
  [ 24  46  42]
  [ 23  44  41]
  ..., 
  [128 135 134]
  [133 140 139]
  [145 153 151]]

 [[ 12  33  29]
  [ 15  36  33]
  [ 14  35  32]
  ..., 
  [ 93 101 100]
  [101 108 108]
  [108 115 115]]

 [[  3  22  19]
  [  6  25  22]
  [ 11  30  27]
  ..., 
  [ 58  66  66]
  [ 62  71  71]
  [ 59  67  68]]

 ..., 
 [[127 132 136]
  [127 132 136]
  [126 131 135]
  ..., 
  [ 69  69  69]
  [ 80  80  80]
  [ 90  90  90]]

 [[127 134 137]
  [126 132 136]
  [125 131 135]
  ..., 
  [ 77  77  77]
  [ 78  78  78]
  [ 84  84  84]]

 [[128 134 137]
  [127 132 136]
  [126 131 135]
  ..., 
  [ 77  77  77]
  [ 78  78  78]
  [ 84  84  84]]]