[[[ 17  37  31]
  [ 26  46  40]
  [ 25  45  39]
  ..., 
  [126 134 133]
  [134 141 140]
  [143 150 149]]

 [[ 12  32  26]
  [ 16  35  30]
  [ 16  35  30]
  ..., 
  [ 97 105 104]
  [106 114 113]
  [105 113 112]]

 [[  8  26  21]
  [  9  27  22]
  [ 14  32  26]
  ..., 
  [ 54  63  63]
  [ 62  71  71]
  [ 58  66  67]]

 ..., 
 [[127 132 136]
  [127 132 136]
  [126 131 135]
  ..., 
  [ 65  65  66]
  [ 79  79  79]
  [ 90  90  90]]

 [[127 134 137]
  [126 132 136]
  [125 131 135]
  ..., 
  [ 77  77  77]
  [ 80  80  80]
  [ 82  82  82]]

 [[128 134 137]
  [127 132 136]
  [126 131 135]
  ..., 
  [ 77  77  77]
  [ 80  80  80]
  [ 82  82  82]]]