[[[ 23  40  37]
  [ 24  41  39]
  [ 27  44  41]
  ..., 
  [128 132 136]
  [140 145 149]
  [152 158 162]]

 [[ 15  32  29]
  [ 17  34  32]
  [ 20  37  34]
  ..., 
  [100 105 110]
  [108 114 117]
  [112 119 122]]

 [[  8  25  22]
  [  9  26  23]
  [ 13  30  27]
  ..., 
  [ 65  72  76]
  [ 61  69  72]
  [ 59  66  70]]

 ..., 
 [[130 133 137]
  [130 133 137]
  [130 133 137]
  ..., 
  [ 81  80  81]
  [ 93  93  93]
  [ 93  93  93]]

 [[130 133 137]
  [130 133 137]
  [130 133 137]
  ..., 
  [ 84  83  83]
  [ 84  84  84]
  [ 81  82  82]]

 [[130 133 137]
  [130 133 137]
  [130 133 137]
  ..., 
  [ 84  83  83]
  [ 84  84  84]
  [ 81  82  82]]]