[[[ 20  37  32]
  [ 28  46  40]
  [ 26  43  38]
  ..., 
  [129 137 135]
  [136 143 142]
  [144 151 150]]

 [[ 11  28  23]
  [ 17  34  29]
  [ 17  34  29]
  ..., 
  [ 93 101 100]
  [105 113 112]
  [106 114 113]]

 [[  4  20  15]
  [  7  22  17]
  [ 10  25  21]
  ..., 
  [ 53  62  62]
  [ 61  70  70]
  [ 57  65  65]]

 ..., 
 [[127 133 134]
  [127 133 134]
  [126 132 133]
  ..., 
  [ 72  72  73]
  [ 82  82  82]
  [ 93  93  93]]

 [[127 134 136]
  [126 133 134]
  [125 132 133]
  ..., 
  [ 77  77  77]
  [ 79  79  79]
  [ 76  76  76]]

 [[128 134 136]
  [127 133 134]
  [126 132 133]
  ..., 
  [ 77  77  77]
  [ 79  79  79]
  [ 76  76  76]]]