[[[ 20  37  32]
  [ 23  41  36]
  [ 28  46  40]
  ..., 
  [128 132 136]
  [142 148 151]
  [151 157 160]]

 [[ 12  29  24]
  [ 16  34  29]
  [ 21  39  33]
  ..., 
  [ 98 103 107]
  [108 114 117]
  [112 119 122]]

 [[  5  22  17]
  [  8  26  21]
  [ 14  32  26]
  ..., 
  [ 63  70  73]
  [ 61  69  72]
  [ 59  66  70]]

 ..., 
 [[130 133 137]
  [130 133 137]
  [130 133 137]
  ..., 
  [ 85  84  84]
  [ 97  97  97]
  [ 97  97  97]]

 [[130 133 137]
  [130 133 137]
  [130 133 137]
  ..., 
  [ 84  83  83]
  [ 84  84  84]
  [ 81  82  82]]

 [[130 133 137]
  [130 133 137]
  [130 133 137]
  ..., 
  [ 84  83  83]
  [ 84  84  84]
  [ 81  82  82]]]