[[[ 22  41  33]
  [ 28  46  39]
  [ 24  43  35]
  ..., 
  [129 137 135]
  [137 144 143]
  [144 151 150]]

 [[ 11  29  21]
  [ 16  33  26]
  [ 18  36  28]
  ..., 
  [ 94 103 102]
  [104 112 111]
  [104 112 111]]

 [[  3  19  12]
  [  7  23  16]
  [ 11  27  20]
  ..., 
  [ 55  64  64]
  [ 59  67  68]
  [ 53  62  62]]

 ..., 
 [[127 133 134]
  [127 133 134]
  [126 132 133]
  ..., 
  [ 72  72  73]
  [ 82  82  82]
  [ 93  93  93]]

 [[127 134 136]
  [126 133 134]
  [125 132 133]
  ..., 
  [ 77  77  77]
  [ 79  79  79]
  [ 76  76  76]]

 [[128 134 136]
  [127 133 134]
  [126 132 133]
  ..., 
  [ 77  77  77]
  [ 79  79  79]
  [ 76  76  76]]]