[[[ 20  37  32]
  [ 28  46  40]
  [ 27  44  39]
  ..., 
  [130 138 136]
  [138 146 144]
  [147 154 153]]

 [[  9  26  21]
  [ 14  32  26]
  [ 18  35  30]
  ..., 
  [ 94 103 102]
  [103 111 110]
  [104 112 111]]

 [[  3  18  14]
  [  7  22  17]
  [ 10  25  21]
  ..., 
  [ 60  69  69]
  [ 60  68  69]
  [ 55  64  64]]

 ..., 
 [[128 133 137]
  [128 133 137]
  [127 132 136]
  ..., 
  [ 73  73  74]
  [ 85  85  85]
  [ 96  96  96]]

 [[130 136 140]
  [129 135 138]
  [127 134 137]
  ..., 
  [ 77  77  77]
  [ 82  82  82]
  [ 80  80  80]]

 [[130 136 140]
  [129 135 138]
  [128 134 137]
  ..., 
  [ 77  77  77]
  [ 82  82  82]
  [ 80  80  80]]]