[[[ 20  38  31]
  [ 26  44  37]
  [ 27  45  38]
  ..., 
  [130 138 136]
  [140 147 146]
  [148 155 154]]

 [[ 11  29  21]
  [ 17  35  27]
  [ 20  38  31]
  ..., 
  [ 97 105 104]
  [106 114 113]
  [108 115 115]]

 [[  7  23  16]
  [  8  24  17]
  [ 12  29  21]
  ..., 
  [ 60  69  69]
  [ 59  67  68]
  [ 54  63  63]]

 ..., 
 [[128 133 137]
  [128 133 137]
  [127 132 136]
  ..., 
  [ 75  74  75]
  [ 84  84  84]
  [ 92  92  92]]

 [[130 136 140]
  [129 135 138]
  [127 134 137]
  ..., 
  [ 78  78  79]
  [ 83  83  83]
  [ 79  79  79]]

 [[130 136 140]
  [129 135 138]
  [128 134 137]
  ..., 
  [ 78  78  79]
  [ 83  83  83]
  [ 79  79  79]]]