[[[ 21  39  32]
  [ 27  45  38]
  [ 28  46  39]
  ..., 
  [129 137 135]
  [135 142 141]
  [148 155 154]]

 [[ 11  29  21]
  [ 17  35  27]
  [ 20  38  31]
  ..., 
  [ 97 105 104]
  [109 116 116]
  [108 115 115]]

 [[  7  23  16]
  [  8  24  17]
  [ 12  29  21]
  ..., 
  [ 61  70  70]
  [ 62  71  71]
  [ 54  63  63]]

 ..., 
 [[128 133 137]
  [128 133 137]
  [127 132 136]
  ..., 
  [ 86  86  87]
  [ 96  96  96]
  [104 104 104]]

 [[130 136 140]
  [129 135 138]
  [127 134 137]
  ..., 
  [ 73  73  74]
  [ 78  78  78]
  [ 75  75  75]]

 [[130 136 140]
  [129 135 138]
  [128 134 137]
  ..., 
  [ 73  73  74]
  [ 78  78  78]
  [ 75  75  75]]]