[[[ 22  41  33]
  [ 26  44  37]
  [ 23  42  34]
  ..., 
  [122 131 132]
  [133 142 143]
  [152 160 161]]

 [[ 13  31  24]
  [ 19  37  30]
  [ 19  37  30]
  ..., 
  [ 97 106 107]
  [100 109 110]
  [105 114 115]]

 [[  9  27  22]
  [  7  25  19]
  [ 12  29  24]
  ..., 
  [ 60  68  70]
  [ 60  68  69]
  [ 55  64  64]]

 ..., 
 [[128 134 136]
  [127 133 134]
  [127 133 134]
  ..., 
  [ 80  80  81]
  [ 93  93  93]
  [ 97  97  97]]

 [[128 134 136]
  [126 132 133]
  [126 132 133]
  ..., 
  [ 80  80  81]
  [ 80  80  80]
  [ 77  77  77]]

 [[128 134 136]
  [126 132 133]
  [126 132 133]
  ..., 
  [ 80  80  81]
  [ 80  80  80]
  [ 77  77  77]]]