[[[ 23  38  33]
  [ 24  39  35]
  [ 28  43  38]
  ..., 
  [125 133 132]
  [141 148 147]
  [148 155 154]]

 [[ 15  30  25]
  [ 17  32  28]
  [ 21  36  31]
  ..., 
  [ 98 105 104]
  [106 113 112]
  [109 117 115]]

 [[ 11  27  22]
  [ 12  28  23]
  [ 18  34  29]
  ..., 
  [ 63  70  69]
  [ 66  73  72]
  [ 69  76  75]]

 ..., 
 [[132 133 137]
  [132 133 137]
  [132 133 137]
  ..., 
  [ 76  74  75]
  [ 85  85  85]
  [ 91  91  91]]

 [[132 133 137]
  [132 133 137]
  [132 133 137]
  ..., 
  [ 79  78  78]
  [ 76  76  76]
  [ 76  76  76]]

 [[132 133 137]
  [132 133 137]
  [132 133 137]
  ..., 
  [ 79  78  78]
  [ 76  76  76]
  [ 76  76  76]]]