[[[ 22  41  33]
  [ 26  44  37]
  [ 26  44  37]
  ..., 
  [122 131 132]
  [133 142 143]
  [152 160 161]]

 [[ 12  30  23]
  [ 19  37  30]
  [ 20  38  31]
  ..., 
  [ 97 106 107]
  [100 109 110]
  [105 114 115]]

 [[  6  23  18]
  [  8  26  21]
  [ 12  29  24]
  ..., 
  [ 60  68  70]
  [ 60  68  69]
  [ 55  64  64]]

 ..., 
 [[130 134 136]
  [129 133 134]
  [129 133 134]
  ..., 
  [ 80  80  81]
  [ 93  93  93]
  [ 97  97  97]]

 [[130 134 136]
  [128 132 133]
  [128 132 133]
  ..., 
  [ 80  80  81]
  [ 80  80  80]
  [ 77  77  77]]

 [[130 134 136]
  [128 132 133]
  [128 132 133]
  ..., 
  [ 80  80  81]
  [ 80  80  80]
  [ 77  77  77]]]