[[[ 22  41  33]
  [ 26  44  37]
  [ 26  44  37]
  ..., 
  [125 134 134]
  [133 142 143]
  [150 159 160]]

 [[ 12  30  23]
  [ 19  37  30]
  [ 20  38  31]
  ..., 
  [ 98 107 108]
  [101 110 111]
  [107 116 117]]

 [[  6  23  18]
  [  8  26  21]
  [ 12  29  24]
  ..., 
  [ 61  69  71]
  [ 62  71  72]
  [ 58  67  68]]

 ..., 
 [[130 132 139]
  [129 131 138]
  [129 131 138]
  ..., 
  [ 80  80  81]
  [ 93  93  93]
  [ 97  97  97]]

 [[130 132 139]
  [128 130 136]
  [128 130 136]
  ..., 
  [ 80  80  81]
  [ 80  80  80]
  [ 77  77  77]]

 [[130 132 139]
  [128 130 136]
  [128 130 136]
  ..., 
  [ 80  80  81]
  [ 80  80  80]
  [ 77  77  77]]]