[[[ 21  39  32]
  [ 26  44  37]
  [ 26  44  37]
  ..., 
  [126 135 136]
  [135 144 145]
  [153 162 162]]

 [[ 12  30  23]
  [ 16  35  28]
  [ 22  40  33]
  ..., 
  [ 98 107 108]
  [103 111 112]
  [110 118 119]]

 [[  1  19  14]
  [  9  27  22]
  [ 14  32  26]
  ..., 
  [ 60  68  70]
  [ 62  71  72]
  [ 58  67  68]]

 ..., 
 [[130 132 139]
  [129 131 138]
  [129 131 138]
  ..., 
  [ 76  76  76]
  [ 90  90  90]
  [ 93  93  93]]

 [[130 132 139]
  [128 130 136]
  [128 130 136]
  ..., 
  [ 77  77  77]
  [ 78  78  78]
  [ 76  76  76]]

 [[130 132 139]
  [128 130 136]
  [128 130 136]
  ..., 
  [ 77  77  77]
  [ 78  78  78]
  [ 76  76  76]]]