[[[ 19  37  30]
  [ 24  43  35]
  [ 24  43  35]
  ..., 
  [125 134 135]
  [134 143 144]
  [149 158 159]]

 [[  9  28  21]
  [ 15  33  26]
  [ 22  40  33]
  ..., 
  [100 109 110]
  [104 113 113]
  [107 116 117]]

 [[  0  18  13]
  [  9  27  22]
  [ 14  32  26]
  ..., 
  [ 63  71  74]
  [ 64  73  74]
  [ 57  66  67]]

 ..., 
 [[130 132 139]
  [129 131 138]
  [129 131 138]
  ..., 
  [ 77  77  77]
  [ 93  93  93]
  [ 99  99  99]]

 [[130 132 139]
  [128 130 136]
  [128 130 136]
  ..., 
  [ 78  78  78]
  [ 79  79  79]
  [ 78  78  78]]

 [[130 132 139]
  [128 130 136]
  [128 130 136]
  ..., 
  [ 78  78  78]
  [ 79  79  79]
  [ 78  78  78]]]