[[[ 19  36  31]
  [ 24  42  37]
  [ 24  42  37]
  ..., 
  [123 132 133]
  [134 143 144]
  [147 156 157]]

 [[  9  27  22]
  [ 15  33  28]
  [ 22  40  35]
  ..., 
  [ 96 104 106]
  [100 109 110]
  [108 117 118]]

 [[  0  17  14]
  [  9  26  23]
  [ 14  31  28]
  ..., 
  [ 56  64  66]
  [ 56  65  66]
  [ 54  63  63]]

 ..., 
 [[130 133 137]
  [129 132 136]
  [129 132 136]
  ..., 
  [ 77  77  77]
  [ 93  93  93]
  [ 97  97  97]]

 [[130 133 137]
  [128 131 135]
  [128 131 135]
  ..., 
  [ 79  79  79]
  [ 80  80  80]
  [ 76  76  76]]

 [[130 133 137]
  [128 131 135]
  [128 131 135]
  ..., 
  [ 79  79  79]
  [ 80  80  80]
  [ 76  76  76]]]