[[[ 20  37  32]
  [ 24  42  37]
  [ 24  42  37]
  ..., 
  [126 135 136]
  [134 143 144]
  [143 152 153]]

 [[ 10  28  23]
  [ 15  33  28]
  [ 21  38  34]
  ..., 
  [ 97 106 107]
  [104 113 113]
  [104 113 113]]

 [[  1  18  15]
  [  8  25  22]
  [ 14  31  28]
  ..., 
  [ 54  62  64]
  [ 58  67  68]
  [ 54  63  63]]

 ..., 
 [[128 133 139]
  [127 132 138]
  [127 132 138]
  ..., 
  [ 70  70  70]
  [ 82  82  82]
  [ 90  90  90]]

 [[128 133 139]
  [126 130 136]
  [126 130 136]
  ..., 
  [ 81  82  82]
  [ 77  77  77]
  [ 77  77  77]]

 [[128 133 139]
  [126 130 136]
  [126 130 136]
  ..., 
  [ 81  82  82]
  [ 77  77  77]
  [ 77  77  77]]]