[[[ 22  37  32]
  [ 25  41  36]
  [ 30  45  40]
  ..., 
  [132 135 140]
  [142 148 151]
  [153 159 163]]

 [[ 14  29  24]
  [ 18  34  29]
  [ 23  38  33]
  ..., 
  [100 105 110]
  [106 113 116]
  [111 117 121]]

 [[  7  22  17]
  [ 10  25  21]
  [ 16  31  26]
  ..., 
  [ 63  70  73]
  [ 60  67  71]
  [ 58  65  69]]

 ..., 
 [[130 134 136]
  [130 134 136]
  [130 134 136]
  ..., 
  [ 82  81  82]
  [ 96  96  96]
  [ 97  97  97]]

 [[130 134 136]
  [130 134 136]
  [130 134 136]
  ..., 
  [ 79  78  78]
  [ 83  83  83]
  [ 80  80  80]]

 [[130 134 136]
  [130 134 136]
  [130 134 136]
  ..., 
  [ 79  78  78]
  [ 83  83  83]
  [ 80  80  80]]]