[[[ 19  42  36]
  [ 22  44  38]
  [ 20  43  37]
  ..., 
  [126 136 134]
  [132 141 140]
  [140 150 148]]

 [[ 12  35  29]
  [ 15  37  31]
  [ 16  38  32]
  ..., 
  [ 95 104 103]
  [100 110 108]
  [104 113 112]]

 [[  8  30  24]
  [  6  29  23]
  [  8  30  24]
  ..., 
  [ 58  66  66]
  [ 60  69  68]
  [ 59  68  66]]

 ..., 
 [[130 134 136]
  [130 134 136]
  [130 134 136]
  ..., 
  [ 73  73  74]
  [ 87  87  87]
  [ 93  93  93]]

 [[130 134 136]
  [130 134 136]
  [130 134 136]
  ..., 
  [ 77  77  77]
  [ 78  78  78]
  [ 77  77  77]]

 [[130 134 136]
  [130 134 136]
  [130 134 136]
  ..., 
  [ 77  77  77]
  [ 78  78  78]
  [ 77  77  77]]]