[[[ 19  42  36]
  [ 22  44  38]
  [ 20  43  37]
  ..., 
  [136 136 136]
  [142 144 143]
  [150 152 151]]

 [[ 12  35  29]
  [ 15  37  31]
  [ 16  38  32]
  ..., 
  [102 104 104]
  [108 111 111]
  [112 116 115]]

 [[  8  30  24]
  [  6  29  23]
  [  8  30  24]
  ..., 
  [ 63  67  67]
  [ 64  70  69]
  [ 64  70  69]]

 ..., 
 [[129 133 134]
  [126 130 132]
  [126 130 132]
  ..., 
  [ 75  74  75]
  [ 86  86  86]
  [ 93  93  93]]

 [[129 133 134]
  [126 130 132]
  [126 130 132]
  ..., 
  [ 78  78  79]
  [ 77  77  77]
  [ 77  77  77]]

 [[129 133 134]
  [126 130 132]
  [126 130 132]
  ..., 
  [ 78  78  79]
  [ 77  77  77]
  [ 77  77  77]]]