[[[ 24  44  38]
  [ 26  46  40]
  [ 25  45  39]
  ..., 
  [128 135 134]
  [135 142 141]
  [143 150 149]]

 [[ 15  35  30]
  [ 18  38  32]
  [ 19  39  33]
  ..., 
  [ 98 105 104]
  [104 112 111]
  [109 117 115]]

 [[  8  29  23]
  [  7  27  22]
  [  8  29  23]
  ..., 
  [ 60  67  67]
  [ 61  70  69]
  [ 61  70  69]]

 ..., 
 [[129 133 134]
  [126 130 132]
  [126 130 132]
  ..., 
  [ 72  72  73]
  [ 89  89  89]
  [ 94  94  94]]

 [[129 133 134]
  [126 130 132]
  [126 130 132]
  ..., 
  [ 76  76  76]
  [ 79  79  79]
  [ 78  78  78]]

 [[129 133 134]
  [126 130 132]
  [126 130 132]
  ..., 
  [ 76  76  76]
  [ 79  79  79]
  [ 78  78  78]]]