[[[ 22  40  35]
  [ 26  43  38]
  [ 26  43  38]
  ..., 
  [130 137 136]
  [138 146 144]
  [148 155 154]]

 [[ 13  30  25]
  [ 19  36  31]
  [ 22  40  35]
  ..., 
  [ 97 104 103]
  [103 111 110]
  [110 118 117]]

 [[  5  22  17]
  [  3  21  16]
  [  8  26  21]
  ..., 
  [ 58  65  65]
  [ 59  68  66]
  [ 62  72  70]]

 ..., 
 [[129 133 134]
  [126 130 132]
  [126 130 132]
  ..., 
  [ 71  71  72]
  [ 87  87  87]
  [ 93  93  93]]

 [[129 133 134]
  [126 130 132]
  [126 130 132]
  ..., 
  [ 76  76  76]
  [ 79  79  79]
  [ 78  78  78]]

 [[129 133 134]
  [126 130 132]
  [126 130 132]
  ..., 
  [ 76  76  76]
  [ 79  79  79]
  [ 78  78  78]]]