[[[ 21  39  33]
  [ 22  40  35]
  [ 21  39  33]
  ..., 
  [132 139 137]
  [138 146 144]
  [147 154 153]]

 [[ 10  28  23]
  [ 17  35  30]
  [ 20  37  32]
  ..., 
  [ 99 106 105]
  [104 112 111]
  [111 119 118]]

 [[  7  25  19]
  [  8  26  21]
  [  9  27  22]
  ..., 
  [ 58  65  65]
  [ 58  67  65]
  [ 61  70  69]]

 ..., 
 [[129 133 134]
  [126 130 132]
  [126 130 132]
  ..., 
  [ 72  72  73]
  [ 89  89  89]
  [ 94  94  94]]

 [[129 133 134]
  [126 130 132]
  [126 130 132]
  ..., 
  [ 77  77  77]
  [ 80  80  80]
  [ 79  79  79]]

 [[129 133 134]
  [126 130 132]
  [126 130 132]
  ..., 
  [ 77  77  77]
  [ 80  80  80]
  [ 79  79  79]]]