[[[ 20  37  32]
  [ 22  40  35]
  [ 22  40  35]
  ..., 
  [129 136 135]
  [137 144 143]
  [148 155 154]]

 [[  9  27  22]
  [ 17  35  30]
  [ 21  39  33]
  ..., 
  [ 99 106 105]
  [105 113 112]
  [110 118 117]]

 [[  6  23  18]
  [  8  26  21]
  [ 10  28  23]
  ..., 
  [ 59  66  66]
  [ 59  68  66]
  [ 60  69  68]]

 ..., 
 [[129 133 134]
  [126 130 132]
  [126 130 132]
  ..., 
  [ 69  69  69]
  [ 85  85  85]
  [ 91  91  91]]

 [[129 133 134]
  [126 130 132]
  [126 130 132]
  ..., 
  [ 77  77  77]
  [ 80  80  80]
  [ 79  79  79]]

 [[129 133 134]
  [126 130 132]
  [126 130 132]
  ..., 
  [ 77  77  77]
  [ 80  80  80]
  [ 79  79  79]]]