[[[ 17  37  31]
  [ 20  40  35]
  [ 21  41  36]
  ..., 
  [128 135 134]
  [137 144 143]
  [148 155 154]]

 [[  6  26  21]
  [ 15  35  30]
  [ 20  40  35]
  ..., 
  [ 98 105 104]
  [105 113 112]
  [110 118 117]]

 [[  3  23  17]
  [  6  26  21]
  [ 10  30  24]
  ..., 
  [ 59  66  66]
  [ 60  69  68]
  [ 61  70  69]]

 ..., 
 [[129 133 134]
  [126 130 132]
  [126 130 132]
  ..., 
  [ 69  69  69]
  [ 85  85  85]
  [ 91  91  91]]

 [[129 133 134]
  [126 130 132]
  [126 130 132]
  ..., 
  [ 77  77  77]
  [ 80  80  80]
  [ 79  79  79]]

 [[129 133 134]
  [126 130 132]
  [126 130 132]
  ..., 
  [ 77  77  77]
  [ 80  80  80]
  [ 79  79  79]]]