[[[ 19  36  31]
  [ 28  46  40]
  [ 28  46  40]
  ..., 
  [126 136 134]
  [135 145 143]
  [146 155 154]]

 [[  9  27  22]
  [ 20  37  32]
  [ 21  39  33]
  ..., 
  [ 95 105 104]
  [103 114 112]
  [108 118 117]]

 [[  6  23  18]
  [  7  25  19]
  [ 12  29  24]
  ..., 
  [ 57  67  66]
  [ 58  69  68]
  [ 59  71  69]]

 ..., 
 [[129 133 134]
  [126 130 132]
  [126 130 132]
  ..., 
  [ 70  70  70]
  [ 85  85  85]
  [ 87  87  87]]

 [[129 133 134]
  [126 130 132]
  [126 130 132]
  ..., 
  [ 77  77  77]
  [ 78  78  78]
  [ 76  76  76]]

 [[129 133 134]
  [126 130 132]
  [126 130 132]
  ..., 
  [ 77  77  77]
  [ 78  78  78]
  [ 76  76  76]]]