[[[ 22  39  36]
  [ 29  46  43]
  [ 27  44  41]
  ..., 
  [126 136 134]
  [135 145 143]
  [146 155 154]]

 [[ 12  28  26]
  [ 20  37  34]
  [ 20  37  34]
  ..., 
  [ 95 105 104]
  [103 114 112]
  [108 118 117]]

 [[  5  21  19]
  [  8  25  22]
  [ 13  30  27]
  ..., 
  [ 57  67  66]
  [ 58  69  68]
  [ 59  71  69]]

 ..., 
 [[129 133 134]
  [126 130 132]
  [126 130 132]
  ..., 
  [ 70  70  70]
  [ 85  85  85]
  [ 87  87  87]]

 [[129 133 134]
  [126 130 132]
  [126 130 132]
  ..., 
  [ 77  77  77]
  [ 78  78  78]
  [ 76  76  76]]

 [[129 133 134]
  [126 130 132]
  [126 130 132]
  ..., 
  [ 77  77  77]
  [ 78  78  78]
  [ 76  76  76]]]