[[[ 26  42  40]
  [ 30  47  44]
  [ 26  42  40]
  ..., 
  [125 134 133]
  [136 146 144]
  [146 155 154]]

 [[ 15  32  29]
  [ 20  37  34]
  [ 17  34  32]
  ..., 
  [ 95 105 104]
  [102 112 111]
  [106 116 114]]

 [[  3  20  18]
  [  9  26  23]
  [ 14  31  28]
  ..., 
  [ 57  67  66]
  [ 55  66  64]
  [ 56  67  65]]

 ..., 
 [[129 133 134]
  [126 130 132]
  [126 130 132]
  ..., 
  [ 70  70  70]
  [ 85  85  85]
  [ 87  87  87]]

 [[129 133 134]
  [126 130 132]
  [126 130 132]
  ..., 
  [ 77  77  77]
  [ 78  78  78]
  [ 76  76  76]]

 [[129 133 134]
  [126 130 132]
  [126 130 132]
  ..., 
  [ 77  77  77]
  [ 78  78  78]
  [ 76  76  76]]]