[[[ 27  44  41]
  [ 28  45  42]
  [ 24  41  39]
  ..., 
  [125 134 133]
  [136 146 144]
  [146 155 154]]

 [[ 15  32  29]
  [ 19  35  33]
  [ 16  33  30]
  ..., 
  [ 95 105 104]
  [102 112 111]
  [106 116 114]]

 [[  5  21  19]
  [  9  26  23]
  [ 13  30  27]
  ..., 
  [ 57  67  66]
  [ 55  66  64]
  [ 56  67  65]]

 ..., 
 [[129 133 134]
  [126 130 132]
  [126 130 132]
  ..., 
  [ 72  72  73]
  [ 85  85  85]
  [ 89  89  89]]

 [[129 133 134]
  [126 130 132]
  [126 130 132]
  ..., 
  [ 77  77  77]
  [ 79  79  79]
  [ 77  77  77]]

 [[129 133 134]
  [126 130 132]
  [126 130 132]
  ..., 
  [ 77  77  77]
  [ 79  79  79]
  [ 77  77  77]]]