[[[ 26  43  38]
  [ 26  43  38]
  [ 23  41  36]
  ..., 
  [121 131 129]
  [134 144 142]
  [148 158 156]]

 [[ 13  30  25]
  [ 17  35  30]
  [ 15  33  28]
  ..., 
  [ 93 103 101]
  [101 111 110]
  [108 118 117]]

 [[  3  21  16]
  [  9  27  22]
  [ 12  29  24]
  ..., 
  [ 57  67  66]
  [ 57  68  66]
  [ 58  70  68]]

 ..., 
 [[129 133 134]
  [126 130 132]
  [126 130 132]
  ..., 
  [ 75  74  75]
  [ 87  87  87]
  [ 91  91  91]]

 [[129 133 134]
  [126 130 132]
  [126 130 132]
  ..., 
  [ 79  79  80]
  [ 82  82  82]
  [ 79  79  79]]

 [[129 133 134]
  [126 130 132]
  [126 130 132]
  ..., 
  [ 79  79  80]
  [ 82  82  82]
  [ 79  79  79]]]