[[[ 27  44  39]
  [ 26  43  38]
  [ 27  44  39]
  ..., 
  [126 136 134]
  [135 145 143]
  [149 159 157]]

 [[ 12  29  24]
  [ 20  37  32]
  [ 21  39  33]
  ..., 
  [ 97 106 105]
  [102 112 111]
  [109 119 118]]

 [[  6  23  18]
  [  9  27  22]
  [ 13  30  25]
  ..., 
  [ 58  68  67]
  [ 58  69  68]
  [ 58  70  68]]

 ..., 
 [[129 133 134]
  [126 130 132]
  [126 130 132]
  ..., 
  [ 78  78  79]
  [ 90  90  90]
  [ 96  96  96]]

 [[129 133 134]
  [126 130 132]
  [126 130 132]
  ..., 
  [ 79  79  80]
  [ 80  80  80]
  [ 79  79  79]]

 [[129 133 134]
  [126 130 132]
  [126 130 132]
  ..., 
  [ 79  79  80]
  [ 80  80  80]
  [ 79  79  79]]]