[[[ 22  37  32]
  [ 26  42  37]
  [ 29  44  39]
  ..., 
  [133 137 141]
  [138 144 148]
  [153 159 163]]

 [[ 15  30  25]
  [ 17  32  28]
  [ 22  37  32]
  ..., 
  [ 99 104 108]
  [105 112 115]
  [110 116 120]]

 [[  8  23  18]
  [  9  24  19]
  [ 15  30  25]
  ..., 
  [ 59  66  70]
  [ 61  69  72]
  [ 55  63  66]]

 ..., 
 [[130 133 137]
  [130 133 137]
  [130 133 137]
  ..., 
  [ 81  80  81]
  [ 93  93  93]
  [ 95  96  96]]

 [[130 133 137]
  [130 133 137]
  [130 133 137]
  ..., 
  [ 80  79  79]
  [ 80  80  80]
  [ 77  77  77]]

 [[130 133 137]
  [130 133 137]
  [130 133 137]
  ..., 
  [ 80  79  79]
  [ 80  80  80]
  [ 77  77  77]]]