[[[ 17  37  31]
  [ 24  44  38]
  [ 25  45  39]
  ..., 
  [129 132 135]
  [143 147 148]
  [154 157 159]]

 [[ 13  33  28]
  [ 19  39  33]
  [ 20  40  35]
  ..., 
  [ 97 102 105]
  [104 110 111]
  [110 116 117]]

 [[  5  25  19]
  [  8  29  23]
  [ 13  33  28]
  ..., 
  [ 55  62  64]
  [ 54  62  63]
  [ 58  66  67]]

 ..., 
 [[131 132 134]
  [131 132 134]
  [131 132 134]
  ..., 
  [ 79  79  79]
  [ 94  94  94]
  [ 98  98  98]]

 [[131 132 134]
  [131 132 134]
  [131 132 134]
  ..., 
  [ 73  73  74]
  [ 84  84  84]
  [ 82  82  82]]

 [[131 132 134]
  [131 132 134]
  [131 132 134]
  ..., 
  [ 73  73  74]
  [ 84  84  84]
  [ 82  82  82]]]