[[[ 19  36  31]
  [ 26  43  38]
  [ 27  44  39]
  ..., 
  [130 132 135]
  [142 146 147]
  [151 155 156]]

 [[ 15  33  28]
  [ 21  39  33]
  [ 22  40  35]
  ..., 
  [ 98 102 105]
  [103 109 110]
  [109 115 116]]

 [[  7  25  19]
  [ 10  28  23]
  [ 15  33  28]
  ..., 
  [ 57  64  67]
  [ 58  66  67]
  [ 61  70  70]]

 ..., 
 [[131 132 134]
  [131 132 134]
  [131 132 134]
  ..., 
  [ 79  79  79]
  [ 94  94  94]
  [ 98  98  98]]

 [[131 132 134]
  [131 132 134]
  [131 132 134]
  ..., 
  [ 73  73  74]
  [ 84  84  84]
  [ 82  82  82]]

 [[131 132 134]
  [131 132 134]
  [131 132 134]
  ..., 
  [ 73  73  74]
  [ 84  84  84]
  [ 82  82  82]]]