[[[ 19  36  31]
  [ 24  42  37]
  [ 27  44  39]
  ..., 
  [133 136 139]
  [146 149 151]
  [155 158 160]]

 [[ 15  33  28]
  [ 20  37  32]
  [ 22  40  35]
  ..., 
  [ 99 103 106]
  [104 110 111]
  [110 116 117]]

 [[  7  25  19]
  [  9  27  22]
  [ 15  33  28]
  ..., 
  [ 56  63  65]
  [ 57  65  66]
  [ 60  68  69]]

 ..., 
 [[131 132 134]
  [131 132 134]
  [131 132 134]
  ..., 
  [ 79  79  79]
  [ 94  94  94]
  [ 98  98  98]]

 [[131 132 134]
  [131 132 134]
  [131 132 134]
  ..., 
  [ 73  73  74]
  [ 84  84  84]
  [ 82  82  82]]

 [[131 132 134]
  [131 132 134]
  [131 132 134]
  ..., 
  [ 73  73  74]
  [ 84  84  84]
  [ 82  82  82]]]