[[[ 19  36  31]
  [ 23  41  36]
  [ 28  46  40]
  ..., 
  [133 136 139]
  [148 151 153]
  [158 162 163]]

 [[ 15  33  28]
  [ 19  36  31]
  [ 23  41  36]
  ..., 
  [ 98 102 105]
  [103 109 110]
  [110 116 117]]

 [[  7  25  19]
  [  8  26  21]
  [ 16  34  29]
  ..., 
  [ 55  62  64]
  [ 55  64  65]
  [ 58  66  67]]

 ..., 
 [[131 132 134]
  [131 132 134]
  [131 132 134]
  ..., 
  [ 78  78  78]
  [ 93  93  93]
  [ 97  97  97]]

 [[131 132 134]
  [131 132 134]
  [131 132 134]
  ..., 
  [ 72  72  72]
  [ 83  83  83]
  [ 80  80  80]]

 [[131 132 134]
  [131 132 134]
  [131 132 134]
  ..., 
  [ 72  72  72]
  [ 83  83  83]
  [ 80  80  80]]]