[[[ 19  36  31]
  [ 23  41  36]
  [ 29  47  42]
  ..., 
  [131 133 136]
  [144 148 150]
  [155 158 160]]

 [[ 15  33  28]
  [ 19  36  31]
  [ 23  41  36]
  ..., 
  [100 105 107]
  [106 112 113]
  [114 120 122]]

 [[  3  21  16]
  [  6  23  18]
  [ 14  32  26]
  ..., 
  [ 58  65  68]
  [ 60  68  69]
  [ 64  72  73]]

 ..., 
 [[131 132 134]
  [131 132 134]
  [131 132 134]
  ..., 
  [ 77  77  77]
  [ 92  92  92]
  [ 96  96  96]]

 [[131 132 134]
  [131 132 134]
  [131 132 134]
  ..., 
  [ 71  71  71]
  [ 82  82  82]
  [ 78  78  78]]

 [[131 132 134]
  [131 132 134]
  [131 132 134]
  ..., 
  [ 71  71  71]
  [ 82  82  82]
  [ 78  78  78]]]