[[[ 19  36  31]
  [ 23  41  36]
  [ 29  47  42]
  ..., 
  [130 132 135]
  [146 149 151]
  [153 156 158]]

 [[ 15  33  28]
  [ 19  36  31]
  [ 23  41  36]
  ..., 
  [103 108 111]
  [106 112 113]
  [106 112 113]]

 [[  3  21  16]
  [  6  23  18]
  [ 14  32  26]
  ..., 
  [ 63  70  72]
  [ 60  68  69]
  [ 65  73  74]]

 ..., 
 [[131 132 134]
  [131 132 134]
  [131 132 134]
  ..., 
  [ 76  76  76]
  [ 93  93  93]
  [ 98  98  98]]

 [[131 132 134]
  [131 132 134]
  [131 132 134]
  ..., 
  [ 71  71  71]
  [ 82  82  82]
  [ 77  77  77]]

 [[131 132 134]
  [131 132 134]
  [131 132 134]
  ..., 
  [ 71  71  71]
  [ 82  82  82]
  [ 77  77  77]]]