[[[ 20  37  32]
  [ 24  42  37]
  [ 30  48  43]
  ..., 
  [131 133 136]
  [143 147 148]
  [151 155 156]]

 [[ 16  34  29]
  [ 20  37  32]
  [ 24  42  37]
  ..., 
  [103 108 111]
  [106 112 113]
  [105 111 112]]

 [[  5  22  17]
  [  7  25  19]
  [ 15  33  28]
  ..., 
  [ 62  69  71]
  [ 61  69  70]
  [ 62  71  71]]

 ..., 
 [[131 132 134]
  [131 132 134]
  [131 132 134]
  ..., 
  [ 68  68  68]
  [ 85  85  85]
  [ 89  89  89]]

 [[131 132 134]
  [131 132 134]
  [131 132 134]
  ..., 
  [ 75  75  75]
  [ 84  84  84]
  [ 79  79  79]]

 [[131 132 134]
  [131 132 134]
  [131 132 134]
  ..., 
  [ 75  75  75]
  [ 84  84  84]
  [ 79  79  79]]]