[[[ 23  38  33]
  [ 28  43  38]
  [ 29  44  39]
  ..., 
  [133 137 141]
  [138 144 148]
  [153 159 163]]

 [[ 15  30  25]
  [ 18  34  29]
  [ 23  38  33]
  ..., 
  [ 97 102 106]
  [108 114 117]
  [109 115 119]]

 [[  9  24  19]
  [ 10  25  21]
  [ 14  29  24]
  ..., 
  [ 57  64  68]
  [ 64  71  74]
  [ 54  62  65]]

 ..., 
 [[131 134 138]
  [130 133 137]
  [130 133 137]
  ..., 
  [ 80  79  79]
  [ 89  89  89]
  [ 94  94  94]]

 [[132 135 140]
  [131 134 138]
  [129 132 136]
  ..., 
  [ 82  81  82]
  [ 79  79  79]
  [ 79  79  79]]

 [[132 135 140]
  [131 134 138]
  [129 132 136]
  ..., 
  [ 82  81  82]
  [ 79  79  79]
  [ 79  79  79]]]