[[[ 15  33  28]
  [ 23  41  36]
  [ 30  48  43]
  ..., 
  [132 135 138]
  [140 143 145]
  [149 153 154]]

 [[ 14  32  26]
  [ 20  37  32]
  [ 24  42  37]
  ..., 
  [100 105 107]
  [108 113 115]
  [105 111 112]]

 [[  6  23  18]
  [  9  27  22]
  [ 16  34  29]
  ..., 
  [ 58  65  68]
  [ 62  71  72]
  [ 62  71  71]]

 ..., 
 [[129 133 134]
  [129 133 134]
  [129 133 134]
  ..., 
  [ 71  71  71]
  [ 84  84  84]
  [ 90  90  90]]

 [[129 133 134]
  [129 133 134]
  [129 133 134]
  ..., 
  [ 81  82  82]
  [ 80  80  80]
  [ 80  80  80]]

 [[129 133 134]
  [129 133 134]
  [129 133 134]
  ..., 
  [ 81  82  82]
  [ 80  80  80]
  [ 80  80  80]]]