[[[ 15  33  28]
  [ 23  41  36]
  [ 30  48  43]
  ..., 
  [133 136 139]
  [141 144 146]
  [154 157 159]]

 [[ 14  32  26]
  [ 20  37  32]
  [ 24  42  37]
  ..., 
  [101 106 109]
  [109 114 116]
  [108 113 115]]

 [[  6  23  18]
  [  9  27  22]
  [ 16  34  29]
  ..., 
  [ 57  64  67]
  [ 61  69  70]
  [ 60  68  69]]

 ..., 
 [[129 133 134]
  [129 133 134]
  [129 133 134]
  ..., 
  [ 71  71  71]
  [ 84  84  84]
  [ 90  90  90]]

 [[129 133 134]
  [129 133 134]
  [129 133 134]
  ..., 
  [ 81  82  82]
  [ 80  80  80]
  [ 80  80  80]]

 [[129 133 134]
  [129 133 134]
  [129 133 134]
  ..., 
  [ 81  82  82]
  [ 80  80  80]
  [ 80  80  80]]]