[[[ 16  34  29]
  [ 24  42  37]
  [ 31  49  44]
  ..., 
  [133 136 139]
  [141 144 146]
  [154 157 159]]

 [[ 13  30  25]
  [ 19  36  31]
  [ 23  41  36]
  ..., 
  [101 106 109]
  [109 114 116]
  [108 113 115]]

 [[  5  22  17]
  [  7  25  19]
  [ 14  32  26]
  ..., 
  [ 57  64  67]
  [ 61  69  70]
  [ 60  68  69]]

 ..., 
 [[131 132 134]
  [131 132 134]
  [131 132 134]
  ..., 
  [ 71  71  71]
  [ 84  84  84]
  [ 90  90  90]]

 [[131 132 134]
  [131 132 134]
  [131 132 134]
  ..., 
  [ 81  82  82]
  [ 80  80  80]
  [ 80  80  80]]

 [[131 132 134]
  [131 132 134]
  [131 132 134]
  ..., 
  [ 81  82  82]
  [ 80  80  80]
  [ 80  80  80]]]