[[[ 17  35  30]
  [ 26  43  38]
  [ 31  49  44]
  ..., 
  [133 136 139]
  [141 144 146]
  [154 157 159]]

 [[ 14  32  26]
  [ 20  37  32]
  [ 23  41  36]
  ..., 
  [101 106 109]
  [109 114 116]
  [108 113 115]]

 [[  6  23  18]
  [  8  26  21]
  [ 16  34  29]
  ..., 
  [ 57  64  67]
  [ 61  69  70]
  [ 60  68  69]]

 ..., 
 [[131 132 134]
  [131 132 134]
  [131 132 134]
  ..., 
  [ 70  70  70]
  [ 80  80  80]
  [ 86  86  86]]

 [[131 132 134]
  [131 132 134]
  [131 132 134]
  ..., 
  [ 80  80  81]
  [ 77  77  77]
  [ 77  77  77]]

 [[131 132 134]
  [131 132 134]
  [131 132 134]
  ..., 
  [ 80  80  81]
  [ 77  77  77]
  [ 77  77  77]]]