[[[ 12  31  28]
  [ 21  40  37]
  [ 28  47  44]
  ..., 
  [132 135 138]
  [140 143 145]
  [153 156 158]]

 [[ 10  29  26]
  [ 17  36  33]
  [ 21  40  37]
  ..., 
  [101 106 109]
  [109 114 116]
  [108 113 115]]

 [[  6  25  22]
  [  7  27  23]
  [ 14  34  30]
  ..., 
  [ 58  65  68]
  [ 62  71  72]
  [ 61  70  70]]

 ..., 
 [[131 132 134]
  [131 132 134]
  [131 132 134]
  ..., 
  [ 71  71  71]
  [ 84  84  84]
  [ 87  87  87]]

 [[131 132 134]
  [131 132 134]
  [131 132 134]
  ..., 
  [ 81  82  82]
  [ 80  80  80]
  [ 78  78  78]]

 [[131 132 134]
  [131 132 134]
  [131 132 134]
  ..., 
  [ 81  82  82]
  [ 80  80  80]
  [ 78  78  78]]]