[[[ 24  39  35]
  [ 26  42  37]
  [ 26  42  37]
  ..., 
  [132 135 140]
  [137 143 146]
  [152 158 162]]

 [[ 16  31  26]
  [ 16  31  26]
  [ 21  36  31]
  ..., 
  [ 98 103 107]
  [109 115 119]
  [110 116 120]]

 [[  9  24  19]
  [  8  23  18]
  [ 14  29  24]
  ..., 
  [ 58  65  69]
  [ 65  72  75]
  [ 55  63  66]]

 ..., 
 [[132 135 140]
  [129 132 136]
  [129 132 136]
  ..., 
  [ 80  79  79]
  [ 89  89  89]
  [ 94  94  94]]

 [[133 137 141]
  [130 133 137]
  [129 132 136]
  ..., 
  [ 82  81  82]
  [ 79  79  79]
  [ 79  79  79]]

 [[133 137 141]
  [130 133 137]
  [129 132 136]
  ..., 
  [ 82  81  82]
  [ 79  79  79]
  [ 79  79  79]]]