[[[ 22  38  31]
  [ 26  43  35]
  [ 29  45  38]
  ..., 
  [130 136 136]
  [135 141 143]
  [146 153 154]]

 [[ 16  32  25]
  [ 17  33  26]
  [ 19  36  28]
  ..., 
  [100 107 107]
  [101 107 109]
  [105 112 114]]

 [[  8  24  17]
  [ 10  26  19]
  [ 15  31  24]
  ..., 
  [ 60  68  70]
  [ 54  62  65]
  [ 57  64  67]]

 ..., 
 [[130 133 137]
  [131 134 138]
  [131 134 138]
  ..., 
  [ 72  72  73]
  [ 82  82  82]
  [ 84  84  84]]

 [[131 134 138]
  [131 134 138]
  [131 134 138]
  ..., 
  [ 79  79  80]
  [ 82  82  82]
  [ 79  79  79]]

 [[131 134 138]
  [131 134 138]
  [131 134 138]
  ..., 
  [ 79  79  80]
  [ 82  82  82]
  [ 79  79  79]]]