[[[ 20  38  31]
  [ 24  43  35]
  [ 27  45  38]
  ..., 
  [130 136 136]
  [135 141 143]
  [146 153 154]]

 [[ 14  32  25]
  [ 15  34  26]
  [ 17  36  28]
  ..., 
  [100 107 107]
  [101 107 109]
  [105 112 114]]

 [[  6  24  17]
  [  8  27  19]
  [ 13  31  24]
  ..., 
  [ 60  68  70]
  [ 54  62  65]
  [ 57  64  67]]

 ..., 
 [[130 133 137]
  [131 134 138]
  [131 134 138]
  ..., 
  [ 67  67  68]
  [ 78  78  78]
  [ 80  80  80]]

 [[131 134 138]
  [131 134 138]
  [131 134 138]
  ..., 
  [ 77  77  77]
  [ 80  80  80]
  [ 79  79  79]]

 [[131 134 138]
  [131 134 138]
  [131 134 138]
  ..., 
  [ 77  77  77]
  [ 80  80  80]
  [ 79  79  79]]]