[[[ 20  37  32]
  [ 24  42  37]
  [ 27  44  39]
  ..., 
  [130 136 136]
  [135 141 143]
  [146 153 154]]

 [[ 14  32  26]
  [ 15  33  28]
  [ 17  35  30]
  ..., 
  [100 107 107]
  [101 107 109]
  [105 112 114]]

 [[  6  23  18]
  [  8  26  21]
  [ 13  30  25]
  ..., 
  [ 60  68  70]
  [ 54  62  65]
  [ 57  64  67]]

 ..., 
 [[130 133 137]
  [131 134 138]
  [131 134 138]
  ..., 
  [ 67  67  68]
  [ 78  78  78]
  [ 80  80  80]]

 [[131 134 138]
  [131 134 138]
  [131 134 138]
  ..., 
  [ 77  77  77]
  [ 80  80  80]
  [ 79  79  79]]

 [[131 134 138]
  [131 134 138]
  [131 134 138]
  ..., 
  [ 77  77  77]
  [ 80  80  80]
  [ 79  79  79]]]