[[[ 22  38  31]
  [ 28  44  37]
  [ 29  45  38]
  ..., 
  [130 136 136]
  [135 141 143]
  [146 153 154]]

 [[ 15  31  24]
  [ 18  34  27]
  [ 19  36  28]
  ..., 
  [100 107 107]
  [101 107 109]
  [105 112 114]]

 [[  8  24  17]
  [ 12  29  21]
  [ 16  32  25]
  ..., 
  [ 60  68  70]
  [ 54  62  65]
  [ 57  64  67]]

 ..., 
 [[130 133 137]
  [131 134 138]
  [131 134 138]
  ..., 
  [ 65  65  66]
  [ 77  77  77]
  [ 79  79  79]]

 [[131 134 138]
  [131 134 138]
  [131 134 138]
  ..., 
  [ 77  77  77]
  [ 79  79  79]
  [ 82  82  82]]

 [[131 134 138]
  [131 134 138]
  [131 134 138]
  ..., 
  [ 77  77  77]
  [ 79  79  79]
  [ 82  82  82]]]