[[[ 22  37  32]
  [ 26  42  37]
  [ 30  45  40]
  ..., 
  [130 136 136]
  [135 141 143]
  [146 153 154]]

 [[ 15  30  25]
  [ 17  32  28]
  [ 19  35  30]
  ..., 
  [100 107 107]
  [101 107 109]
  [105 112 114]]

 [[  8  23  18]
  [ 11  27  22]
  [ 16  31  26]
  ..., 
  [ 60  68  70]
  [ 54  62  65]
  [ 57  64  67]]

 ..., 
 [[130 134 136]
  [131 135 137]
  [131 135 137]
  ..., 
  [ 65  65  66]
  [ 77  77  77]
  [ 79  79  79]]

 [[131 135 137]
  [131 135 137]
  [131 135 137]
  ..., 
  [ 77  77  77]
  [ 79  79  79]
  [ 82  82  82]]

 [[131 135 137]
  [131 135 137]
  [131 135 137]
  ..., 
  [ 77  77  77]
  [ 79  79  79]
  [ 82  82  82]]]