[[[ 20  37  34]
  [ 27  44  41]
  [ 29  46  43]
  ..., 
  [129 135 135]
  [134 140 141]
  [143 149 151]]

 [[ 15  32  29]
  [ 20  37  34]
  [ 22  39  36]
  ..., 
  [ 99 105 106]
  [103 110 112]
  [106 113 115]]

 [[  8  25  22]
  [ 10  27  25]
  [ 14  31  28]
  ..., 
  [ 56  63  65]
  [ 55  63  66]
  [ 58  65  68]]

 ..., 
 [[130 134 136]
  [131 135 137]
  [131 135 137]
  ..., 
  [ 66  66  67]
  [ 76  76  76]
  [ 82  82  82]]

 [[131 135 137]
  [131 135 137]
  [131 135 137]
  ..., 
  [ 77  77  77]
  [ 83  83  83]
  [ 84  84  84]]

 [[131 135 137]
  [131 135 137]
  [131 135 137]
  ..., 
  [ 77  77  77]
  [ 83  83  83]
  [ 84  84  84]]]