[[[ 19  36  28]
  [ 29  45  38]
  [ 32  48  41]
  ..., 
  [127 132 132]
  [134 140 141]
  [143 149 151]]

 [[ 16  32  25]
  [ 21  37  30]
  [ 24  40  33]
  ..., 
  [ 97 103 104]
  [103 110 112]
  [106 113 115]]

 [[  9  25  18]
  [ 11  27  20]
  [ 16  32  25]
  ..., 
  [ 58  66  67]
  [ 55  63  66]
  [ 58  65  68]]

 ..., 
 [[130 134 136]
  [131 135 137]
  [131 135 137]
  ..., 
  [ 62  62  62]
  [ 71  71  71]
  [ 77  77  77]]

 [[131 135 137]
  [131 135 137]
  [131 135 137]
  ..., 
  [ 78  78  79]
  [ 84  84  84]
  [ 85  85  85]]

 [[131 135 137]
  [131 135 137]
  [131 135 137]
  ..., 
  [ 78  78  79]
  [ 84  84  84]
  [ 85  85  85]]]