[[[ 21  37  30]
  [ 28  44  37]
  [ 31  47  40]
  ..., 
  [125 130 130]
  [133 139 140]
  [141 147 148]]

 [[ 18  34  27]
  [ 21  37  30]
  [ 22  38  31]
  ..., 
  [ 99 105 106]
  [103 110 112]
  [103 110 112]]

 [[ 10  26  19]
  [ 10  26  19]
  [ 12  29  21]
  ..., 
  [ 58  66  67]
  [ 58  65  68]
  [ 60  68  71]]

 ..., 
 [[128 132 133]
  [129 133 134]
  [129 133 134]
  ..., 
  [ 62  62  62]
  [ 72  72  72]
  [ 76  76  76]]

 [[129 133 134]
  [129 133 134]
  [129 133 134]
  ..., 
  [ 78  78  79]
  [ 83  83  83]
  [ 82  82  82]]

 [[129 133 134]
  [129 133 134]
  [129 133 134]
  ..., 
  [ 78  78  79]
  [ 83  83  83]
  [ 82  82  82]]]