[[[ 19  36  28]
  [ 29  45  38]
  [ 31  47  40]
  ..., 
  [124 130 127]
  [134 141 140]
  [142 149 148]]

 [[ 18  34  27]
  [ 19  36  28]
  [ 23  39  32]
  ..., 
  [100 107 105]
  [105 113 112]
  [103 111 110]]

 [[  9  25  18]
  [ 11  27  20]
  [ 12  29  21]
  ..., 
  [ 57  65  64]
  [ 59  67  68]
  [ 62  71  71]]

 ..., 
 [[128 132 133]
  [129 133 134]
  [129 133 134]
  ..., 
  [ 69  69  69]
  [ 79  79  79]
  [ 86  86  86]]

 [[129 133 134]
  [129 133 134]
  [129 133 134]
  ..., 
  [ 77  77  77]
  [ 82  82  82]
  [ 85  85  85]]

 [[129 133 134]
  [129 133 134]
  [129 133 134]
  ..., 
  [ 77  77  77]
  [ 82  82  82]
  [ 85  85  85]]]