[[[ 19  39  33]
  [ 20  40  35]
  [ 24  44  38]
  ..., 
  [125 133 132]
  [141 148 147]
  [148 155 154]]

 [[ 11  31  25]
  [ 13  33  28]
  [ 17  37  31]
  ..., 
  [ 98 105 104]
  [106 113 112]
  [109 117 115]]

 [[  7  27  22]
  [  8  29  23]
  [ 14  34  29]
  ..., 
  [ 63  70  69]
  [ 66  73  72]
  [ 69  76  75]]

 ..., 
 [[132 133 137]
  [132 133 137]
  [132 133 137]
  ..., 
  [ 78  77  77]
  [ 87  87  87]
  [ 93  93  93]]

 [[132 133 137]
  [132 133 137]
  [132 133 137]
  ..., 
  [ 81  80  81]
  [ 78  78  78]
  [ 78  78  78]]

 [[132 133 137]
  [132 133 137]
  [132 133 137]
  ..., 
  [ 81  80  81]
  [ 78  78  78]
  [ 78  78  78]]]