[[[ 18  41  35]
  [ 20  43  37]
  [ 20  43  37]
  ..., 
  [129 133 137]
  [134 139 143]
  [149 155 158]]

 [[ 10  32  26]
  [ 10  32  26]
  [ 15  37  31]
  ..., 
  [ 94 100 104]
  [108 114 117]
  [110 116 120]]

 [[  4  25  19]
  [  3  24  18]
  [  9  30  24]
  ..., 
  [ 57  64  68]
  [ 67  74  78]
  [ 59  66  70]]

 ..., 
 [[135 138 142]
  [135 138 142]
  [129 132 136]
  ..., 
  [ 80  79  79]
  [ 91  91  91]
  [ 92  92  92]]

 [[131 134 138]
  [131 134 138]
  [130 133 137]
  ..., 
  [ 84  83  83]
  [ 83  83  83]
  [ 77  77  77]]

 [[131 134 138]
  [131 134 138]
  [130 133 137]
  ..., 
  [ 84  83  83]
  [ 83  83  83]
  [ 77  77  77]]]