[[[ 19  36  28]
  [ 29  45  38]
  [ 31  47  40]
  ..., 
  [124 129 129]
  [134 140 141]
  [142 148 150]]

 [[ 18  34  27]
  [ 19  36  28]
  [ 23  39  32]
  ..., 
  [ 99 105 106]
  [106 113 115]
  [104 111 113]]

 [[  9  25  18]
  [ 11  27  20]
  [ 12  29  21]
  ..., 
  [ 56  63  65]
  [ 60  68  70]
  [ 64  71  74]]

 ..., 
 [[128 132 133]
  [129 133 134]
  [129 133 134]
  ..., 
  [ 67  67  68]
  [ 77  77  77]
  [ 83  83  83]]

 [[129 133 134]
  [129 133 134]
  [129 133 134]
  ..., 
  [ 77  77  77]
  [ 79  79  79]
  [ 79  79  79]]

 [[129 133 134]
  [129 133 134]
  [129 133 134]
  ..., 
  [ 77  77  77]
  [ 79  79  79]
  [ 79  79  79]]]