[[[ 15  36  28]
  [ 25  46  38]
  [ 27  48  40]
  ..., 
  [126 131 131]
  [133 139 140]
  [139 146 147]]

 [[ 15  35  27]
  [ 16  36  28]
  [ 19  40  32]
  ..., 
  [ 98 104 105]
  [105 112 114]
  [108 114 116]]

 [[  7  25  18]
  [  9  28  20]
  [ 10  29  21]
  ..., 
  [ 59  67  68]
  [ 58  65  68]
  [ 60  68  71]]

 ..., 
 [[128 132 133]
  [130 134 136]
  [130 134 136]
  ..., 
  [ 58  58  59]
  [ 69  69  69]
  [ 83  83  83]]

 [[130 134 136]
  [131 135 137]
  [131 135 137]
  ..., 
  [ 71  71  72]
  [ 75  75  75]
  [ 87  87  87]]

 [[130 134 136]
  [131 135 137]
  [131 135 137]
  ..., 
  [ 71  71  72]
  [ 75  75  75]
  [ 87  87  87]]]