[[[ 17  37  30]
  [ 25  46  38]
  [ 26  47  39]
  ..., 
  [125 130 130]
  [131 138 139]
  [139 146 147]]

 [[ 16  36  28]
  [ 16  36  28]
  [ 19  40  32]
  ..., 
  [ 98 104 105]
  [105 112 114]
  [106 113 115]]

 [[  7  25  18]
  [  9  28  20]
  [ 12  30  23]
  ..., 
  [ 59  67  68]
  [ 58  65  68]
  [ 59  66  69]]

 ..., 
 [[128 132 133]
  [130 134 136]
  [130 134 136]
  ..., 
  [ 55  55  55]
  [ 63  63  63]
  [ 71  71  71]]

 [[130 134 136]
  [131 135 137]
  [131 135 137]
  ..., 
  [ 80  80  81]
  [ 82  82  82]
  [ 84  84  84]]

 [[130 134 136]
  [131 135 137]
  [131 135 137]
  ..., 
  [ 80  80  81]
  [ 82  82  82]
  [ 84  84  84]]]