[[[ 17  37  30]
  [ 24  44  37]
  [ 25  46  38]
  ..., 
  [125 130 130]
  [131 138 139]
  [139 146 147]]

 [[ 15  35  27]
  [ 16  36  28]
  [ 17  37  30]
  ..., 
  [ 98 104 105]
  [105 112 114]
  [106 113 115]]

 [[  6  24  17]
  [  8  27  19]
  [ 14  32  25]
  ..., 
  [ 59  67  68]
  [ 58  65  68]
  [ 59  66  69]]

 ..., 
 [[126 130 132]
  [130 134 136]
  [131 135 137]
  ..., 
  [ 59  59  60]
  [ 65  65  65]
  [ 76  76  76]]

 [[129 133 134]
  [131 135 137]
  [132 136 138]
  ..., 
  [ 78  78  79]
  [ 77  77  77]
  [ 84  84  84]]

 [[129 133 134]
  [131 135 137]
  [132 136 138]
  ..., 
  [ 78  78  79]
  [ 77  77  77]
  [ 84  84  84]]]