[[[ 20  43  37]
  [ 22  44  38]
  [ 23  45  39]
  ..., 
  [129 133 137]
  [134 139 143]
  [149 155 158]]

 [[ 13  35  29]
  [ 16  38  32]
  [ 19  40  35]
  ..., 
  [ 94 100 104]
  [108 114 117]
  [110 116 120]]

 [[  6  26  21]
  [  6  26  21]
  [ 13  33  28]
  ..., 
  [ 57  64  68]
  [ 67  74  78]
  [ 59  66  70]]

 ..., 
 [[135 138 142]
  [135 138 142]
  [129 132 136]
  ..., 
  [ 81  80  81]
  [ 90  90  90]
  [ 94  94  94]]

 [[131 134 138]
  [131 134 138]
  [130 133 137]
  ..., 
  [ 87  86  86]
  [ 84  84  84]
  [ 81  82  82]]

 [[131 134 138]
  [131 134 138]
  [130 133 137]
  ..., 
  [ 87  86  86]
  [ 84  84  84]
  [ 81  82  82]]]