[[[ 16  37  34]
  [ 19  41  37]
  [ 22  43  40]
  ..., 
  [123 132 134]
  [128 137 138]
  [138 146 147]]

 [[ 10  32  28]
  [ 11  33  29]
  [ 13  35  32]
  ..., 
  [ 92 100 103]
  [101 110 112]
  [104 112 114]]

 [[  5  27  23]
  [  8  29  26]
  [ 11  33  29]
  ..., 
  [ 54  62  65]
  [ 60  68  70]
  [ 61  69  72]]

 ..., 
 [[132 133 137]
  [132 133 137]
  [131 132 136]
  ..., 
  [ 53  54  54]
  [ 63  63  63]
  [ 73  73  73]]

 [[132 133 137]
  [132 133 137]
  [130 130 135]
  ..., 
  [ 76  76  76]
  [ 79  79  79]
  [ 82  82  82]]

 [[132 133 137]
  [132 133 137]
  [130 130 135]
  ..., 
  [ 76  76  76]
  [ 79  79  79]
  [ 82  82  82]]]