[[[ 16  37  34]
  [ 19  41  37]
  [ 22  43  40]
  ..., 
  [123 132 134]
  [127 136 137]
  [136 145 146]]

 [[ 10  32  28]
  [ 11  33  29]
  [ 13  35  32]
  ..., 
  [ 91  99 102]
  [101 110 112]
  [104 112 114]]

 [[  5  27  23]
  [  8  29  26]
  [ 11  33  29]
  ..., 
  [ 53  61  64]
  [ 60  68  70]
  [ 61  69  72]]

 ..., 
 [[132 133 137]
  [132 133 137]
  [131 132 136]
  ..., 
  [ 55  55  55]
  [ 65  65  65]
  [ 77  77  77]]

 [[132 133 137]
  [132 133 137]
  [130 130 135]
  ..., 
  [ 76  76  76]
  [ 78  78  78]
  [ 79  79  79]]

 [[132 133 137]
  [132 133 137]
  [130 130 135]
  ..., 
  [ 76  76  76]
  [ 78  78  78]
  [ 79  79  79]]]