[[[ 18  37  34]
  [ 21  40  37]
  [ 25  44  41]
  ..., 
  [122 132 131]
  [133 143 141]
  [141 151 149]]

 [[ 12  31  28]
  [ 12  31  28]
  [ 15  35  32]
  ..., 
  [ 93 102 102]
  [103 112 111]
  [104 113 112]]

 [[  7  27  23]
  [  7  27  23]
  [ 12  31  28]
  ..., 
  [ 56  65  66]
  [ 57  66  67]
  [ 54  63  63]]

 ..., 
 [[128 132 133]
  [128 132 133]
  [126 130 132]
  ..., 
  [ 60  61  61]
  [ 79  79  79]
  [ 91  91  91]]

 [[128 132 133]
  [128 132 133]
  [125 129 131]
  ..., 
  [ 84  84  84]
  [ 84  84  84]
  [ 80  80  80]]

 [[128 132 133]
  [128 132 133]
  [125 129 131]
  ..., 
  [ 84  84  84]
  [ 84  84  84]
  [ 80  80  80]]]