[[[ 20  39  36]
  [ 24  43  40]
  [ 27  46  43]
  ..., 
  [122 132 131]
  [133 143 141]
  [141 151 149]]

 [[ 13  32  29]
  [ 13  32  29]
  [ 17  36  33]
  ..., 
  [ 93 102 102]
  [103 112 111]
  [104 113 112]]

 [[  7  27  23]
  [  7  27  23]
  [ 12  31  28]
  ..., 
  [ 56  65  66]
  [ 57  66  67]
  [ 54  63  63]]

 ..., 
 [[128 132 133]
  [128 132 133]
  [126 130 132]
  ..., 
  [ 64  64  64]
  [ 83  83  83]
  [ 92  92  92]]

 [[128 132 133]
  [128 132 133]
  [125 129 131]
  ..., 
  [ 81  82  82]
  [ 82  82  82]
  [ 79  79  79]]

 [[128 132 133]
  [128 132 133]
  [125 129 131]
  ..., 
  [ 81  82  82]
  [ 82  82  82]
  [ 79  79  79]]]