[[[ 21  40  37]
  [ 25  44  41]
  [ 27  46  43]
  ..., 
  [128 137 137]
  [136 146 144]
  [142 152 150]]

 [[ 12  31  28]
  [ 13  32  29]
  [ 18  37  34]
  ..., 
  [ 98 107 107]
  [106 116 115]
  [106 116 115]]

 [[  4  23  20]
  [  8  28  25]
  [ 17  36  33]
  ..., 
  [ 58  66  67]
  [ 58  67  68]
  [ 55  64  64]]

 ..., 
 [[128 132 133]
  [128 132 133]
  [126 130 132]
  ..., 
  [ 63  63  63]
  [ 84  84  84]
  [ 93  93  93]]

 [[128 132 133]
  [128 132 133]
  [125 129 131]
  ..., 
  [ 77  77  77]
  [ 80  80  80]
  [ 80  80  80]]

 [[128 132 133]
  [128 132 133]
  [125 129 131]
  ..., 
  [ 77  77  77]
  [ 80  80  80]
  [ 80  80  80]]]