[[[ 21  40  37]
  [ 26  45  42]
  [ 26  45  42]
  ..., 
  [127 136 136]
  [136 146 144]
  [146 155 154]]

 [[ 12  31  28]
  [ 13  32  29]
  [ 18  37  34]
  ..., 
  [ 97 106 106]
  [106 116 115]
  [108 118 117]]

 [[  4  23  20]
  [  8  28  25]
  [ 18  37  34]
  ..., 
  [ 58  66  67]
  [ 60  69  69]
  [ 57  66  67]]

 ..., 
 [[128 132 133]
  [128 132 133]
  [126 130 132]
  ..., 
  [ 63  63  63]
  [ 84  84  84]
  [ 93  93  93]]

 [[128 132 133]
  [128 132 133]
  [125 129 131]
  ..., 
  [ 77  77  77]
  [ 80  80  80]
  [ 80  80  80]]

 [[128 132 133]
  [128 132 133]
  [125 129 131]
  ..., 
  [ 77  77  77]
  [ 80  80  80]
  [ 80  80  80]]]