[[[ 18  37  34]
  [ 25  44  41]
  [ 26  45  42]
  ..., 
  [125 134 134]
  [135 145 143]
  [147 157 155]]

 [[ 10  29  26]
  [ 14  34  30]
  [ 17  36  33]
  ..., 
  [ 94 104 104]
  [105 114 113]
  [108 118 117]]

 [[  4  23  20]
  [ 10  29  26]
  [ 15  35  32]
  ..., 
  [ 58  66  67]
  [ 61  70  70]
  [ 57  66  67]]

 ..., 
 [[130 131 133]
  [130 131 133]
  [128 130 132]
  ..., 
  [ 65  65  66]
  [ 84  84  84]
  [ 93  93  93]]

 [[130 131 133]
  [130 131 133]
  [127 129 131]
  ..., 
  [ 74  75  75]
  [ 79  79  79]
  [ 87  87  87]]

 [[130 131 133]
  [130 131 133]
  [127 129 131]
  ..., 
  [ 74  75  75]
  [ 79  79  79]
  [ 87  87  87]]]