[[[ 21  41  36]
  [ 25  45  39]
  [ 25  45  39]
  ..., 
  [128 137 137]
  [135 145 143]
  [145 154 153]]

 [[ 11  31  25]
  [ 15  35  30]
  [ 17  37  31]
  ..., 
  [ 94 104 104]
  [104 113 112]
  [104 113 112]]

 [[  1  22  16]
  [ 10  30  24]
  [ 15  35  30]
  ..., 
  [ 55  64  64]
  [ 60  69  69]
  [ 54  63  63]]

 ..., 
 [[130 131 133]
  [130 131 133]
  [128 130 132]
  ..., 
  [ 66  66  67]
  [ 85  85  85]
  [ 92  92  92]]

 [[130 131 133]
  [130 131 133]
  [127 129 131]
  ..., 
  [ 72  72  72]
  [ 77  77  77]
  [ 83  83  83]]

 [[130 131 133]
  [130 131 133]
  [127 129 131]
  ..., 
  [ 72  72  72]
  [ 77  77  77]
  [ 83  83  83]]]