[[[ 21  40  37]
  [ 25  44  41]
  [ 25  44  41]
  ..., 
  [128 137 137]
  [135 145 143]
  [145 154 153]]

 [[ 11  30  27]
  [ 15  35  32]
  [ 17  36  33]
  ..., 
  [ 94 104 104]
  [104 113 112]
  [104 113 112]]

 [[  1  21  18]
  [ 10  29  26]
  [ 15  35  32]
  ..., 
  [ 55  64  64]
  [ 60  69  69]
  [ 54  63  63]]

 ..., 
 [[130 131 133]
  [130 131 133]
  [128 130 132]
  ..., 
  [ 62  62  62]
  [ 80  80  80]
  [ 89  89  89]]

 [[130 131 133]
  [130 131 133]
  [127 129 131]
  ..., 
  [ 73  73  74]
  [ 78  78  78]
  [ 85  85  85]]

 [[130 131 133]
  [130 131 133]
  [127 129 131]
  ..., 
  [ 73  73  74]
  [ 78  78  78]
  [ 85  85  85]]]