[[[ 22  42  39]
  [ 26  45  42]
  [ 24  43  40]
  ..., 
  [126 135 135]
  [134 144 142]
  [146 155 154]]

 [[ 12  31  28]
  [ 17  36  33]
  [ 17  36  33]
  ..., 
  [ 91 100 100]
  [104 113 112]
  [107 117 116]]

 [[  4  23  20]
  [ 12  31  28]
  [ 17  36  33]
  ..., 
  [ 52  60  61]
  [ 60  69  69]
  [ 57  66  67]]

 ..., 
 [[128 132 133]
  [128 132 133]
  [126 130 132]
  ..., 
  [ 63  63  63]
  [ 82  82  82]
  [ 87  87  87]]

 [[128 132 133]
  [128 132 133]
  [125 129 131]
  ..., 
  [ 74  75  75]
  [ 79  79  79]
  [ 84  84  84]]

 [[128 132 133]
  [128 132 133]
  [125 129 131]
  ..., 
  [ 74  75  75]
  [ 79  79  79]
  [ 84  84  84]]]