[[[ 22  42  39]
  [ 26  45  42]
  [ 24  43  40]
  ..., 
  [126 135 135]
  [134 144 142]
  [146 155 154]]

 [[ 12  31  28]
  [ 17  36  33]
  [ 17  36  33]
  ..., 
  [ 91 100 100]
  [104 113 112]
  [107 117 116]]

 [[  4  23  20]
  [ 12  31  28]
  [ 17  36  33]
  ..., 
  [ 52  60  61]
  [ 60  69  69]
  [ 57  66  67]]

 ..., 
 [[129 133 134]
  [129 133 134]
  [128 132 133]
  ..., 
  [ 59  59  60]
  [ 77  77  77]
  [ 82  82  82]]

 [[129 133 134]
  [129 133 134]
  [126 130 132]
  ..., 
  [ 76  76  76]
  [ 80  80  80]
  [ 85  85  85]]

 [[129 133 134]
  [129 133 134]
  [126 130 132]
  ..., 
  [ 76  76  76]
  [ 80  80  80]
  [ 85  85  85]]]