[[[ 20  42  39]
  [ 24  46  42]
  [ 22  43  40]
  ..., 
  [126 135 135]
  [135 145 143]
  [147 157 155]]

 [[ 10  32  28]
  [ 15  36  33]
  [ 15  36  33]
  ..., 
  [ 92 101 101]
  [104 113 112]
  [107 117 116]]

 [[  2  23  20]
  [ 10  32  28]
  [ 15  36  33]
  ..., 
  [ 52  60  61]
  [ 61  70  70]
  [ 60  69  69]]

 ..., 
 [[129 133 134]
  [129 133 134]
  [128 132 133]
  ..., 
  [ 53  54  54]
  [ 70  70  70]
  [ 73  73  73]]

 [[129 133 134]
  [129 133 134]
  [126 130 132]
  ..., 
  [ 77  77  77]
  [ 82  82  82]
  [ 87  87  87]]

 [[129 133 134]
  [129 133 134]
  [126 130 132]
  ..., 
  [ 77  77  77]
  [ 82  82  82]
  [ 87  87  87]]]