[[[ 20  42  39]
  [ 24  46  42]
  [ 22  43  40]
  ..., 
  [126 135 135]
  [134 144 142]
  [146 155 154]]

 [[ 10  32  28]
  [ 15  36  33]
  [ 15  36  33]
  ..., 
  [ 93 102 102]
  [104 113 112]
  [106 116 115]]

 [[  2  23  20]
  [ 10  32  28]
  [ 15  36  33]
  ..., 
  [ 54  63  63]
  [ 62  71  71]
  [ 60  69  69]]

 ..., 
 [[129 132 136]
  [129 132 136]
  [128 131 135]
  ..., 
  [ 53  54  54]
  [ 70  70  70]
  [ 73  73  73]]

 [[129 132 136]
  [129 132 136]
  [126 130 134]
  ..., 
  [ 77  77  77]
  [ 82  82  82]
  [ 87  87  87]]

 [[129 132 136]
  [129 132 136]
  [126 130 134]
  ..., 
  [ 77  77  77]
  [ 82  82  82]
  [ 87  87  87]]]