[[[ 24  43  40]
  [ 27  46  43]
  [ 25  44  41]
  ..., 
  [123 133 133]
  [134 144 142]
  [145 154 153]]

 [[ 12  31  28]
  [ 17  36  33]
  [ 17  36  33]
  ..., 
  [ 93 102 102]
  [106 116 115]
  [107 117 116]]

 [[  0  18  15]
  [  7  27  23]
  [ 12  31  28]
  ..., 
  [ 56  65  66]
  [ 63  72  72]
  [ 62  71  71]]

 ..., 
 [[129 133 134]
  [129 133 134]
  [128 132 133]
  ..., 
  [ 60  61  61]
  [ 73  73  73]
  [ 76  76  76]]

 [[129 133 134]
  [129 133 134]
  [126 130 132]
  ..., 
  [ 80  80  81]
  [ 80  80  80]
  [ 85  85  85]]

 [[129 133 134]
  [129 133 134]
  [126 130 132]
  ..., 
  [ 80  80  81]
  [ 80  80  80]
  [ 85  85  85]]]