[[[ 20  41  33]
  [ 25  46  38]
  [ 24  44  37]
  ..., 
  [126 130 134]
  [137 143 146]
  [153 159 163]]

 [[ 12  33  25]
  [ 19  40  32]
  [ 20  41  33]
  ..., 
  [ 97 102 106]
  [104 110 114]
  [111 117 121]]

 [[  3  23  16]
  [  7  28  20]
  [ 14  35  27]
  ..., 
  [ 57  64  68]
  [ 65  72  75]
  [ 61  69  72]]

 ..., 
 [[135 136 141]
  [131 132 136]
  [130 130 135]
  ..., 
  [ 78  77  77]
  [ 89  89  89]
  [ 90  90  90]]

 [[132 133 137]
  [132 133 137]
  [130 130 135]
  ..., 
  [ 82  81  82]
  [ 85  85  85]
  [ 80  80  80]]

 [[132 133 137]
  [132 133 137]
  [130 130 135]
  ..., 
  [ 82  81  82]
  [ 85  85  85]
  [ 80  80  80]]]