[[[ 19  39  33]
  [ 27  47  42]
  [ 22  42  37]
  ..., 
  [132 135 137]
  [137 141 143]
  [144 148 150]]

 [[ 13  33  28]
  [ 19  39  33]
  [ 19  39  33]
  ..., 
  [ 99 104 106]
  [103 109 110]
  [110 116 117]]

 [[  3  23  17]
  [  7  27  22]
  [ 15  35  30]
  ..., 
  [ 58  66  68]
  [ 59  67  68]
  [ 65  73  74]]

 ..., 
 [[128 134 137]
  [128 134 137]
  [128 134 137]
  ..., 
  [ 62  62  62]
  [ 78  78  78]
  [ 84  84  84]]

 [[128 134 137]
  [128 134 137]
  [128 134 137]
  ..., 
  [ 80  80  81]
  [ 86  86  86]
  [ 85  85  85]]

 [[128 134 137]
  [128 134 137]
  [128 134 137]
  ..., 
  [ 80  80  81]
  [ 86  86  86]
  [ 85  85  85]]]