[[[ 19  39  33]
  [ 27  47  42]
  [ 22  42  37]
  ..., 
  [131 134 136]
  [137 141 143]
  [147 150 152]]

 [[ 13  33  28]
  [ 19  39  33]
  [ 19  39  33]
  ..., 
  [ 99 104 106]
  [104 110 111]
  [110 116 117]]

 [[  3  23  17]
  [  7  27  22]
  [ 15  35  30]
  ..., 
  [ 58  66  68]
  [ 60  68  69]
  [ 65  73  74]]

 ..., 
 [[133 136 135]
  [129 134 132]
  [127 135 130]
  ..., 
  [ 62  62  62]
  [ 78  78  78]
  [ 84  84  84]]

 [[134 135 135]
  [129 135 131]
  [127 136 129]
  ..., 
  [ 79  79  79]
  [ 85  85  85]
  [ 84  84  84]]

 [[133 136 135]
  [129 134 131]
  [127 136 130]
  ..., 
  [ 79  79  79]
  [ 85  85  85]
  [ 84  84  84]]]