[[[ 19  39  33]
  [ 27  47  42]
  [ 22  42  37]
  ..., 
  [131 134 136]
  [137 141 143]
  [147 150 152]]

 [[ 13  33  28]
  [ 19  39  33]
  [ 19  39  33]
  ..., 
  [ 99 104 106]
  [104 110 111]
  [110 116 117]]

 [[  3  23  17]
  [  7  27  22]
  [ 15  35  30]
  ..., 
  [ 58  66  68]
  [ 60  68  69]
  [ 65  73  74]]

 ..., 
 [[  8 255   2]
  [ 25 240  21]
  [ 47 222  46]
  ..., 
  [ 63  63  63]
  [ 79  79  79]
  [ 85  85  85]]

 [[  8 255   1]
  [ 23 242  18]
  [ 41 224  39]
  ..., 
  [ 80  80  81]
  [ 86  86  86]
  [ 85  85  85]]

 [[  8 255   2]
  [ 24 241  20]
  [ 43 223  41]
  ..., 
  [ 80  80  81]
  [ 86  86  86]
  [ 85  85  85]]]