[[[ 20  40  35]
  [ 22  42  37]
  [ 22  42  37]
  ..., 
  [129 133 134]
  [136 140 141]
  [148 151 153]]

 [[ 13  33  28]
  [ 15  35  30]
  [ 18  38  32]
  ..., 
  [100 105 107]
  [105 111 112]
  [109 114 116]]

 [[  5  25  19]
  [ 10  30  24]
  [ 18  38  32]
  ..., 
  [ 59  67  69]
  [ 61  69  70]
  [ 64  72  73]]

 ..., 
 [[  0 255   0]
  [ 21 242  11]
  [ 57 224  46]
  ..., 
  [ 63  63  63]
  [ 79  79  79]
  [ 85  85  85]]

 [[  0 255   0]
  [ 20 245   9]
  [ 58 232  45]
  ..., 
  [ 80  80  81]
  [ 86  86  86]
  [ 85  85  85]]

 [[  0 255   0]
  [ 21 244  11]
  [ 59 230  48]
  ..., 
  [ 80  80  81]
  [ 86  86  86]
  [ 85  85  85]]]