[[[ 22  42  37]
  [ 22  42  37]
  [ 24  44  38]
  ..., 
  [129 133 134]
  [136 140 141]
  [148 151 153]]

 [[ 14  34  29]
  [ 14  34  29]
  [ 20  40  35]
  ..., 
  [100 105 107]
  [105 111 112]
  [109 114 116]]

 [[  3  23  17]
  [  5  25  19]
  [ 17  37  31]
  ..., 
  [ 59  67  69]
  [ 61  69  70]
  [ 64  72  73]]

 ..., 
 [[  0 255   0]
  [ 20 244  13]
  [ 55 224  46]
  ..., 
  [ 58  58  59]
  [ 72  72  72]
  [ 77  77  77]]

 [[  0 255   0]
  [ 17 245   8]
  [ 54 230  43]
  ..., 
  [ 83  83  83]
  [ 86  86  86]
  [ 83  83  83]]

 [[  0 255   0]
  [ 18 244  10]
  [ 55 228  45]
  ..., 
  [ 83  83  83]
  [ 86  86  86]
  [ 83  83  83]]]