[[[ 24  42  37]
  [ 24  42  37]
  [ 26  43  38]
  ..., 
  [131 134 136]
  [140 143 145]
  [148 151 153]]

 [[ 16  34  29]
  [ 16  34  29]
  [ 22  40  35]
  ..., 
  [ 99 104 106]
  [105 111 112]
  [110 116 117]]

 [[  5  22  17]
  [  7  25  19]
  [ 19  36  31]
  ..., 
  [ 59  67  69]
  [ 60  68  69]
  [ 62  71  71]]

 ..., 
 [[  0 254   5]
  [ 18 237  22]
  [ 49 223  50]
  ..., 
  [ 58  58  59]
  [ 72  72  72]
  [ 77  77  77]]

 [[  0 252   3]
  [ 14 238  19]
  [ 46 227  47]
  ..., 
  [ 83  83  83]
  [ 86  86  86]
  [ 83  83  83]]

 [[  0 252   3]
  [ 15 237  20]
  [ 48 226  49]
  ..., 
  [ 83  83  83]
  [ 86  86  86]
  [ 83  83  83]]]