[[[ 17  35  30]
  [ 24  42  37]
  [ 31  49  44]
  ..., 
  [128 132 133]
  [141 144 146]
  [144 148 150]]

 [[ 15  33  28]
  [ 20  37  32]
  [ 24  42  37]
  ..., 
  [ 95 100 102]
  [103 109 110]
  [109 114 116]]

 [[  5  22  17]
  [  9  27  22]
  [ 15  33  28]
  ..., 
  [ 59  67  69]
  [ 59  67  68]
  [ 61  70  70]]

 ..., 
 [[  0 255   3]
  [ 19 242  21]
  [ 48 226  45]
  ..., 
  [ 59  59  60]
  [ 70  70  70]
  [ 78  78  78]]

 [[  0 254   3]
  [ 15 243  20]
  [ 42 229  41]
  ..., 
  [ 81  82  82]
  [ 82  82  82]
  [ 86  86  86]]

 [[  0 254   3]
  [ 17 242  20]
  [ 45 227  43]
  ..., 
  [ 81  82  82]
  [ 82  82  82]
  [ 86  86  86]]]