[[[ 18  38  32]
  [ 24  44  38]
  [ 29  49  44]
  ..., 
  [127 130 132]
  [143 147 148]
  [144 148 150]]

 [[ 14  34  29]
  [ 19  39  33]
  [ 21  41  36]
  ..., 
  [ 94  99 101]
  [104 110 111]
  [106 112 113]]

 [[  5  25  19]
  [  8  29  23]
  [ 11  31  25]
  ..., 
  [ 55  62  64]
  [ 61  69  70]
  [ 62  71  71]]

 ..., 
 [[  3 255   5]
  [ 23 244  22]
  [ 44 219  40]
  ..., 
  [ 59  59  60]
  [ 70  70  70]
  [ 78  78  78]]

 [[  3 255   7]
  [ 18 245  19]
  [ 49 233  45]
  ..., 
  [ 81  82  82]
  [ 82  82  82]
  [ 86  86  86]]

 [[  4 255   7]
  [ 20 244  20]
  [ 51 232  48]
  ..., 
  [ 81  82  82]
  [ 82  82  82]
  [ 86  86  86]]]