[[[ 18  38  32]
  [ 24  44  38]
  [ 29  49  44]
  ..., 
  [127 130 132]
  [143 147 148]
  [144 148 150]]

 [[ 14  34  29]
  [ 19  39  33]
  [ 21  41  36]
  ..., 
  [ 94  99 101]
  [104 110 111]
  [106 112 113]]

 [[  5  25  19]
  [  8  29  23]
  [ 11  31  25]
  ..., 
  [ 55  62  64]
  [ 61  69  70]
  [ 62  71  71]]

 ..., 
 [[  0 253   0]
  [ 21 242  20]
  [ 45 221  40]
  ..., 
  [ 58  58  59]
  [ 70  70  70]
  [ 78  78  78]]

 [[  0 255   4]
  [ 13 240  14]
  [ 48 233  42]
  ..., 
  [ 81  82  82]
  [ 80  80  80]
  [ 85  85  85]]

 [[  0 255   4]
  [ 15 239  16]
  [ 50 231  45]
  ..., 
  [ 81  82  82]
  [ 80  80  80]
  [ 85  85  85]]]