[[[ 18  38  32]
  [ 24  44  38]
  [ 29  49  44]
  ..., 
  [127 130 132]
  [143 147 148]
  [143 147 148]]

 [[ 14  34  29]
  [ 19  39  33]
  [ 21  41  36]
  ..., 
  [ 93  98 100]
  [105 111 112]
  [109 114 116]]

 [[  5  25  19]
  [  8  29  23]
  [ 11  31  25]
  ..., 
  [ 53  61  63]
  [ 62  71  72]
  [ 65  73  74]]

 ..., 
 [[  0 255   2]
  [ 18 239  18]
  [ 50 226  45]
  ..., 
  [ 56  56  56]
  [ 68  68  68]
  [ 82  82  82]]

 [[  0 255   7]
  [ 13 240  14]
  [ 45 231  40]
  ..., 
  [ 81  82  82]
  [ 82  82  82]
  [ 86  86  86]]

 [[  2 255   7]
  [ 15 239  16]
  [ 48 229  43]
  ..., 
  [ 81  82  82]
  [ 82  82  82]
  [ 86  86  86]]]