[[[ 17  37  31]
  [ 22  42  37]
  [ 27  47  42]
  ..., 
  [129 133 135]
  [143 147 148]
  [142 146 147]]

 [[ 13  33  28]
  [ 17  37  31]
  [ 19  39  33]
  ..., 
  [ 93  98 100]
  [106 112 113]
  [112 118 119]]

 [[  5  25  19]
  [  8  29  23]
  [ 11  31  25]
  ..., 
  [ 52  60  62]
  [ 64  72  73]
  [ 68  76  77]]

 ..., 
 [[  0 254   1]
  [ 15 236  15]
  [ 47 223  42]
  ..., 
  [ 53  54  54]
  [ 65  65  65]
  [ 85  85  85]]

 [[  0 255   4]
  [ 12 239  13]
  [ 45 231  40]
  ..., 
  [ 81  82  82]
  [ 83  83  83]
  [ 87  87  87]]

 [[  0 255   4]
  [ 14 238  14]
  [ 48 229  43]
  ..., 
  [ 81  82  82]
  [ 83  83  83]
  [ 87  87  87]]]