[[[ 17  37  31]
  [ 21  41  36]
  [ 26  46  40]
  ..., 
  [132 135 137]
  [139 142 144]
  [147 150 152]]

 [[ 12  32  26]
  [ 15  35  30]
  [ 18  38  32]
  ..., 
  [ 95 100 102]
  [103 109 110]
  [112 118 119]]

 [[  4  24  18]
  [  8  29  23]
  [ 11  31  25]
  ..., 
  [ 57  64  67]
  [ 60  68  69]
  [ 68  76  77]]

 ..., 
 [[  0 254   0]
  [ 23 242  19]
  [ 48 221  42]
  ..., 
  [ 48  48  48]
  [ 68  68  68]
  [ 84  84  84]]

 [[  0 253   0]
  [ 17 240  13]
  [ 46 228  41]
  ..., 
  [ 77  77  77]
  [ 85  85  85]
  [ 85  85  85]]

 [[  0 253   0]
  [ 18 239  14]
  [ 49 227  43]
  ..., 
  [ 77  77  77]
  [ 85  85  85]
  [ 85  85  85]]]