[[[ 17  37  31]
  [ 25  45  39]
  [ 26  46  40]
  ..., 
  [133 137 136]
  [141 145 144]
  [150 154 154]]

 [[ 11  31  25]
  [ 17  37  31]
  [ 17  37  31]
  ..., 
  [ 94 100  99]
  [ 99 106 105]
  [109 115 114]]

 [[  4  24  18]
  [  7  27  22]
  [ 12  32  26]
  ..., 
  [ 56  64  64]
  [ 54  63  62]
  [ 60  69  68]]

 ..., 
 [[  0 255   0]
  [ 21 246  19]
  [ 46 226  42]
  ..., 
  [ 48  48  48]
  [ 68  68  68]
  [ 84  84  84]]

 [[  0 255   0]
  [ 17 248  16]
  [ 41 230  36]
  ..., 
  [ 77  77  77]
  [ 85  85  85]
  [ 85  85  85]]

 [[  0 255   0]
  [ 19 248  17]
  [ 43 228  39]
  ..., 
  [ 77  77  77]
  [ 85  85  85]
  [ 85  85  85]]]