[[[ 21  42  34]
  [ 26  47  39]
  [ 25  46  38]
  ..., 
  [127 131 135]
  [140 145 149]
  [158 164 167]]

 [[ 12  33  25]
  [ 19  40  32]
  [ 20  41  33]
  ..., 
  [ 98 103 107]
  [103 109 113]
  [111 117 121]]

 [[  1  22  14]
  [  6  27  19]
  [ 13  34  26]
  ..., 
  [ 57  64  68]
  [ 61  69  72]
  [ 59  66  70]]

 ..., 
 [[135 136 141]
  [131 132 136]
  [130 130 135]
  ..., 
  [ 72  71  71]
  [ 84  84  84]
  [ 85  85  85]]

 [[132 133 137]
  [132 133 137]
  [130 130 135]
  ..., 
  [ 81  80  81]
  [ 84  84  84]
  [ 79  79  79]]

 [[132 133 137]
  [132 133 137]
  [130 130 135]
  ..., 
  [ 81  80  81]
  [ 84  84  84]
  [ 79  79  79]]]