[[[ 17  37  31]
  [ 26  46  40]
  [ 25  45  39]
  ..., 
  [134 137 139]
  [142 146 147]
  [149 152 154]]

 [[ 11  31  25]
  [ 18  38  32]
  [ 17  37  31]
  ..., 
  [ 94  99 101]
  [102 107 109]
  [110 116 117]]

 [[  5  25  19]
  [  7  27  22]
  [ 11  31  25]
  ..., 
  [ 56  63  65]
  [ 55  64  65]
  [ 60  68  69]]

 ..., 
 [[117 119 119]
  [125 125 124]
  [130 127 126]
  ..., 
  [ 48  48  48]
  [ 68  68  68]
  [ 84  84  84]]

 [[119 122 121]
  [125 125 123]
  [127 127 124]
  ..., 
  [ 77  77  77]
  [ 85  85  85]
  [ 85  85  85]]

 [[119 122 121]
  [125 125 124]
  [128 126 124]
  ..., 
  [ 77  77  77]
  [ 85  85  85]
  [ 85  85  85]]]