[[[ 17  37  31]
  [ 25  45  39]
  [ 22  42  37]
  ..., 
  [134 137 139]
  [142 146 147]
  [149 152 154]]

 [[ 12  32  26]
  [ 18  38  32]
  [ 17  37  31]
  ..., 
  [ 94  99 101]
  [102 107 109]
  [110 116 117]]

 [[  4  24  18]
  [  7  27  22]
  [ 11  31  25]
  ..., 
  [ 56  63  65]
  [ 55  64  65]
  [ 60  68  69]]

 ..., 
 [[131 130 131]
  [132 133 133]
  [132 134 134]
  ..., 
  [ 49  49  49]
  [ 64  64  64]
  [ 84  84  84]]

 [[133 133 133]
  [134 135 135]
  [135 138 137]
  ..., 
  [ 77  77  77]
  [ 80  80  80]
  [ 85  85  85]]

 [[133 133 133]
  [134 135 135]
  [135 138 137]
  ..., 
  [ 77  77  77]
  [ 80  80  80]
  [ 85  85  85]]]