[[[ 17  37  31]
  [ 25  45  39]
  [ 22  42  37]
  ..., 
  [133 136 138]
  [141 144 146]
  [144 148 150]]

 [[ 12  32  26]
  [ 18  38  32]
  [ 17  37  31]
  ..., 
  [ 96 101 103]
  [104 110 111]
  [109 114 116]]

 [[  4  24  18]
  [  7  27  22]
  [ 11  31  25]
  ..., 
  [ 59  67  69]
  [ 59  67  68]
  [ 59  67  68]]

 ..., 
 [[131 129 134]
  [132 131 136]
  [132 133 137]
  ..., 
  [ 50  50  50]
  [ 65  65  65]
  [ 85  85  85]]

 [[133 131 136]
  [134 134 138]
  [135 136 141]
  ..., 
  [ 78  78  78]
  [ 82  82  82]
  [ 86  86  86]]

 [[133 131 136]
  [134 134 138]
  [135 136 141]
  ..., 
  [ 78  78  78]
  [ 82  82  82]
  [ 86  86  86]]]