[[[ 21  39  33]
  [ 27  44  39]
  [ 24  42  37]
  ..., 
  [133 136 138]
  [141 144 146]
  [144 148 150]]

 [[ 16  34  29]
  [ 20  37  32]
  [ 19  36  31]
  ..., 
  [ 97 103 104]
  [103 109 110]
  [109 114 116]]

 [[  7  25  19]
  [ 10  28  23]
  [ 13  30  25]
  ..., 
  [ 58  66  68]
  [ 60  68  69]
  [ 59  67  68]]

 ..., 
 [[133 131 136]
  [134 134 138]
  [133 134 138]
  ..., 
  [ 53  54  54]
  [ 70  70  70]
  [ 79  79  79]]

 [[135 134 138]
  [137 136 141]
  [135 136 141]
  ..., 
  [ 80  80  81]
  [ 83  83  83]
  [ 83  83  83]]

 [[135 134 138]
  [137 136 141]
  [135 136 141]
  ..., 
  [ 80  80  81]
  [ 83  83  83]
  [ 83  83  83]]]