[[[ 20  37  32]
  [ 28  46  40]
  [ 26  43  38]
  ..., 
  [129 133 134]
  [139 142 144]
  [146 149 151]]

 [[ 15  33  28]
  [ 21  39  33]
  [ 20  37  32]
  ..., 
  [ 97 103 104]
  [102 107 109]
  [108 113 115]]

 [[  6  23  18]
  [ 12  29  24]
  [ 14  32  26]
  ..., 
  [ 57  64  66]
  [ 58  66  67]
  [ 61  70  70]]

 ..., 
 [[132 130 135]
  [133 132 137]
  [131 132 136]
  ..., 
  [ 56  56  56]
  [ 68  68  68]
  [ 78  78  78]]

 [[135 134 138]
  [135 135 140]
  [133 134 138]
  ..., 
  [ 80  80  81]
  [ 84  84  84]
  [ 83  83  83]]

 [[135 134 138]
  [135 135 140]
  [133 134 138]
  ..., 
  [ 80  80  81]
  [ 84  84  84]
  [ 83  83  83]]]