[[[ 20  37  32]
  [ 28  46  40]
  [ 26  43  38]
  ..., 
  [128 132 133]
  [142 146 147]
  [144 148 150]]

 [[ 15  33  28]
  [ 21  39  33]
  [ 20  37  32]
  ..., 
  [ 95 100 102]
  [105 111 112]
  [109 114 116]]

 [[  6  23  18]
  [ 12  29  24]
  [ 14  32  26]
  ..., 
  [ 53  61  63]
  [ 60  68  69]
  [ 64  72  73]]

 ..., 
 [[134 132 137]
  [134 134 138]
  [130 130 135]
  ..., 
  [ 56  56  56]
  [ 65  65  65]
  [ 75  75  75]]

 [[136 135 140]
  [135 135 140]
  [133 134 138]
  ..., 
  [ 77  77  77]
  [ 80  80  80]
  [ 79  79  79]]

 [[136 135 140]
  [135 135 140]
  [133 134 138]
  ..., 
  [ 77  77  77]
  [ 80  80  80]
  [ 79  79  79]]]