[[[ 21  42  34]
  [ 26  47  39]
  [ 25  46  38]
  ..., 
  [127 131 135]
  [140 145 149]
  [158 164 167]]

 [[ 12  33  25]
  [ 19  40  32]
  [ 20  41  33]
  ..., 
  [ 98 103 107]
  [103 109 113]
  [111 117 121]]

 [[  1  22  14]
  [  6  27  19]
  [ 13  34  26]
  ..., 
  [ 56  64  68]
  [ 61  69  72]
  [ 59  66  70]]

 ..., 
 [[135 137 139]
  [131 132 134]
  [130 131 133]
  ..., 
  [ 72  71  71]
  [ 85  85  85]
  [ 86  86  86]]

 [[132 134 136]
  [132 134 136]
  [130 131 133]
  ..., 
  [ 84  83  83]
  [ 84  84  84]
  [ 78  78  78]]

 [[132 134 136]
  [132 134 136]
  [130 131 133]
  ..., 
  [ 84  83  83]
  [ 84  84  84]
  [ 78  78  78]]]