[[[ 21  38  35]
  [ 26  42  40]
  [ 27  44  41]
  ..., 
  [135 133 136]
  [143 141 144]
  [145 144 146]]

 [[ 16  34  32]
  [ 18  36  33]
  [ 20  38  35]
  ..., 
  [103 103 105]
  [113 114 116]
  [112 112 115]]

 [[  7  27  23]
  [  9  29  26]
  [ 13  32  29]
  ..., 
  [ 65  67  69]
  [ 70  73  75]
  [ 68  71  73]]

 ..., 
 [[130 133 137]
  [130 133 137]
  [130 133 137]
  ..., 
  [ 56  56  56]
  [ 66  66  66]
  [ 75  75  75]]

 [[130 133 137]
  [130 133 137]
  [130 133 137]
  ..., 
  [ 76  76  76]
  [ 79  79  79]
  [ 83  83  83]]

 [[130 133 137]
  [130 133 137]
  [130 133 137]
  ..., 
  [ 76  76  76]
  [ 79  79  79]
  [ 83  83  83]]]