[[[ 19  35  33]
  [ 25  41  39]
  [ 27  44  41]
  ..., 
  [134 132 134]
  [144 142 145]
  [148 147 150]]

 [[ 14  32  29]
  [ 15  33  30]
  [ 19  37  34]
  ..., 
  [ 99 100 102]
  [112 112 115]
  [113 114 116]]

 [[  5  24  21]
  [  8  28  25]
  [ 12  31  28]
  ..., 
  [ 59  62  63]
  [ 67  70  72]
  [ 67  70  72]]

 ..., 
 [[131 135 137]
  [131 135 137]
  [131 135 137]
  ..., 
  [ 59  59  60]
  [ 71  71  71]
  [ 80  80  80]]

 [[131 135 137]
  [131 135 137]
  [131 135 137]
  ..., 
  [ 74  75  75]
  [ 80  80  80]
  [ 85  85  85]]

 [[131 135 137]
  [131 135 137]
  [131 135 137]
  ..., 
  [ 74  75  75]
  [ 80  80  80]
  [ 85  85  85]]]