[[[ 19  36  31]
  [ 25  42  37]
  [ 27  44  39]
  ..., 
  [136 134 137]
  [140 139 141]
  [148 147 150]]

 [[ 14  33  28]
  [ 15  34  29]
  [ 19  38  32]
  ..., 
  [101 101 103]
  [110 110 112]
  [113 114 116]]

 [[  5  25  19]
  [  8  29  23]
  [ 12  32  26]
  ..., 
  [ 61  64  66]
  [ 68  71  73]
  [ 68  71  73]]

 ..., 
 [[130 134 136]
  [130 134 136]
  [130 134 136]
  ..., 
  [ 57  57  57]
  [ 69  69  69]
  [ 77  77  77]]

 [[130 134 136]
  [130 134 136]
  [130 134 136]
  ..., 
  [ 74  75  75]
  [ 79  79  79]
  [ 83  83  83]]

 [[130 134 136]
  [130 134 136]
  [130 134 136]
  ..., 
  [ 74  75  75]
  [ 79  79  79]
  [ 83  83  83]]]