[[[ 17  36  33]
  [ 23  42  39]
  [ 25  44  41]
  ..., 
  [138 137 139]
  [140 139 141]
  [150 148 151]]

 [[ 12  33  29]
  [ 13  34  30]
  [ 17  37  34]
  ..., 
  [105 105 108]
  [107 108 110]
  [110 110 112]]

 [[  3  25  21]
  [  6  28  25]
  [ 10  32  28]
  ..., 
  [ 62  65  67]
  [ 63  66  68]
  [ 63  66  68]]

 ..., 
 [[131 135 137]
  [131 135 137]
  [131 135 137]
  ..., 
  [ 57  57  57]
  [ 66  66  66]
  [ 73  73  73]]

 [[131 135 137]
  [131 135 137]
  [131 135 137]
  ..., 
  [ 76  76  76]
  [ 80  80  80]
  [ 84  84  84]]

 [[131 135 137]
  [131 135 137]
  [131 135 137]
  ..., 
  [ 76  76  76]
  [ 80  80  80]
  [ 84  84  84]]]