[[[ 17  36  33]
  [ 24  43  40]
  [ 26  45  42]
  ..., 
  [135 133 136]
  [138 137 139]
  [154 153 155]]

 [[ 10  30  27]
  [ 14  35  32]
  [ 18  38  35]
  ..., 
  [108 108 110]
  [111 111 113]
  [111 111 113]]

 [[  1  22  19]
  [  6  28  25]
  [ 11  33  29]
  ..., 
  [ 67  70  72]
  [ 69  72  74]
  [ 62  65  67]]

 ..., 
 [[131 134 138]
  [131 134 138]
  [131 134 138]
  ..., 
  [ 60  61  61]
  [ 70  70  70]
  [ 79  79  79]]

 [[131 134 138]
  [131 134 138]
  [131 134 138]
  ..., 
  [ 74  75  75]
  [ 82  82  82]
  [ 84  84  84]]

 [[131 134 138]
  [131 134 138]
  [131 134 138]
  ..., 
  [ 74  75  75]
  [ 82  82  82]
  [ 84  84  84]]]