[[[ 18  39  31]
  [ 27  48  40]
  [ 25  46  38]
  ..., 
  [126 130 134]
  [138 144 148]
  [157 163 166]]

 [[ 12  33  25]
  [ 18  39  31]
  [ 18  39  31]
  ..., 
  [100 105 110]
  [105 112 115]
  [113 120 123]]

 [[  3  23  16]
  [  5  26  18]
  [ 11  32  24]
  ..., 
  [ 54  62  65]
  [ 59  66  70]
  [ 57  64  67]]

 ..., 
 [[133 135 137]
  [133 135 137]
  [132 134 136]
  ..., 
  [ 74  73  74]
  [ 85  85  85]
  [ 85  85  85]]

 [[132 134 136]
  [132 134 136]
  [130 131 133]
  ..., 
  [ 85  84  84]
  [ 83  83  83]
  [ 76  76  76]]

 [[132 134 136]
  [132 134 136]
  [130 131 133]
  ..., 
  [ 85  84  84]
  [ 83  83  83]
  [ 76  76  76]]]