[[[ 17  36  33]
  [ 24  43  40]
  [ 26  45  42]
  ..., 
  [132 131 133]
  [137 135 138]
  [155 154 157]]

 [[ 10  30  27]
  [ 14  35  32]
  [ 18  38  35]
  ..., 
  [109 109 111]
  [110 110 112]
  [111 111 113]]

 [[  1  22  19]
  [  6  28  25]
  [ 11  33  29]
  ..., 
  [ 71  73  75]
  [ 70  73  75]
  [ 63  66  68]]

 ..., 
 [[131 135 137]
  [131 135 137]
  [131 135 137]
  ..., 
  [ 59  59  60]
  [ 68  68  68]
  [ 76  76  76]]

 [[131 135 137]
  [131 135 137]
  [131 135 137]
  ..., 
  [ 77  77  77]
  [ 82  82  82]
  [ 83  83  83]]

 [[131 135 137]
  [131 135 137]
  [131 135 137]
  ..., 
  [ 77  77  77]
  [ 82  82  82]
  [ 83  83  83]]]