[[[ 18  37  34]
  [ 24  43  40]
  [ 25  44  41]
  ..., 
  [134 132 134]
  [137 135 138]
  [151 149 152]]

 [[ 12  33  29]
  [ 14  35  32]
  [ 19  40  36]
  ..., 
  [108 108 110]
  [111 111 113]
  [110 110 112]]

 [[  1  22  19]
  [  6  28  25]
  [ 12  34  30]
  ..., 
  [ 71  73  75]
  [ 68  71  73]
  [ 60  63  65]]

 ..., 
 [[131 135 137]
  [131 135 137]
  [131 135 137]
  ..., 
  [ 63  63  63]
  [ 70  70  70]
  [ 77  77  77]]

 [[131 135 137]
  [131 135 137]
  [131 135 137]
  ..., 
  [ 77  77  77]
  [ 82  82  82]
  [ 83  83  83]]

 [[131 135 137]
  [131 135 137]
  [131 135 137]
  ..., 
  [ 77  77  77]
  [ 82  82  82]
  [ 83  83  83]]]