[[[ 18  37  34]
  [ 19  38  35]
  [ 24  43  40]
  ..., 
  [134 132 134]
  [138 137 139]
  [153 152 154]]

 [[ 11  31  28]
  [ 13  34  30]
  [ 19  40  36]
  ..., 
  [109 109 111]
  [111 111 113]
  [109 109 111]]

 [[  2  23  20]
  [  4  26  22]
  [ 13  35  32]
  ..., 
  [ 72  74  76]
  [ 68  71  73]
  [ 59  62  63]]

 ..., 
 [[131 135 137]
  [131 135 137]
  [131 135 137]
  ..., 
  [ 66  66  67]
  [ 72  72  72]
  [ 78  78  78]]

 [[131 135 137]
  [131 135 137]
  [131 135 137]
  ..., 
  [ 76  76  76]
  [ 79  79  79]
  [ 80  80  80]]

 [[131 135 137]
  [131 135 137]
  [131 135 137]
  ..., 
  [ 76  76  76]
  [ 79  79  79]
  [ 80  80  80]]]