[[[ 21  38  35]
  [ 23  40  37]
  [ 26  42  40]
  ..., 
  [138 137 139]
  [141 140 143]
  [150 148 151]]

 [[ 14  32  29]
  [ 14  32  29]
  [ 18  36  33]
  ..., 
  [103 103 105]
  [112 112 115]
  [112 112 115]]

 [[  5  24  21]
  [  3  22  19]
  [ 10  29  26]
  ..., 
  [ 60  63  65]
  [ 69  72  74]
  [ 63  66  68]]

 ..., 
 [[131 134 138]
  [131 134 138]
  [130 133 137]
  ..., 
  [ 62  62  62]
  [ 70  70  70]
  [ 86  86  86]]

 [[131 134 138]
  [131 134 138]
  [130 133 137]
  ..., 
  [ 77  77  77]
  [ 83  83  83]
  [ 82  82  82]]

 [[131 134 138]
  [131 134 138]
  [130 133 137]
  ..., 
  [ 77  77  77]
  [ 83  83  83]
  [ 82  82  82]]]