[[[ 22  40  35]
  [ 27  44  39]
  [ 29  47  42]
  ..., 
  [137 135 138]
  [146 145 147]
  [155 154 157]]

 [[ 15  34  29]
  [ 19  38  32]
  [ 20  39  33]
  ..., 
  [104 104 106]
  [111 111 113]
  [111 111 113]]

 [[  3  23  17]
  [  4  24  18]
  [ 13  33  28]
  ..., 
  [ 59  62  63]
  [ 63  66  68]
  [ 58  60  62]]

 ..., 
 [[130 134 136]
  [131 135 137]
  [131 135 137]
  ..., 
  [ 63  63  63]
  [ 75  75  75]
  [ 85  85  85]]

 [[130 134 136]
  [131 135 137]
  [131 135 137]
  ..., 
  [ 73  73  74]
  [ 83  83  83]
  [ 82  82  82]]

 [[130 134 136]
  [131 135 137]
  [131 135 137]
  ..., 
  [ 73  73  74]
  [ 83  83  83]
  [ 82  82  82]]]