[[[ 23  40  37]
  [ 26  42  40]
  [ 28  45  42]
  ..., 
  [137 135 138]
  [148 147 150]
  [154 153 155]]

 [[ 15  33  30]
  [ 19  37  34]
  [ 20  38  35]
  ..., 
  [105 105 108]
  [111 111 113]
  [114 115 117]]

 [[  3  22  19]
  [  4  23  20]
  [ 12  31  28]
  ..., 
  [ 61  64  66]
  [ 65  67  69]
  [ 60  63  65]]

 ..., 
 [[130 134 136]
  [131 135 137]
  [131 135 137]
  ..., 
  [ 62  62  62]
  [ 76  76  76]
  [ 87  87  87]]

 [[130 134 136]
  [131 135 137]
  [131 135 137]
  ..., 
  [ 72  72  73]
  [ 84  84  84]
  [ 84  84  84]]

 [[130 134 136]
  [131 135 137]
  [131 135 137]
  ..., 
  [ 72  72  73]
  [ 84  84  84]
  [ 84  84  84]]]