[[[ 17  36  33]
  [ 23  42  39]
  [ 28  47  44]
  ..., 
  [134 132 134]
  [150 148 151]
  [154 153 155]]

 [[ 11  31  28]
  [ 16  36  33]
  [ 19  40  36]
  ..., 
  [104 104 106]
  [111 111 113]
  [116 116 118]]

 [[  2  23  20]
  [  5  27  23]
  [ 12  34  30]
  ..., 
  [ 62  65  67]
  [ 67  70  72]
  [ 67  70  72]]

 ..., 
 [[130 134 136]
  [129 133 134]
  [129 133 134]
  ..., 
  [ 69  69  69]
  [ 78  78  78]
  [ 92  92  92]]

 [[131 135 137]
  [128 132 133]
  [128 132 133]
  ..., 
  [ 78  78  78]
  [ 84  84  84]
  [ 84  84  84]]

 [[131 135 137]
  [128 132 133]
  [128 132 133]
  ..., 
  [ 78  78  78]
  [ 84  84  84]
  [ 84  84  84]]]