[[[ 18  38  32]
  [ 24  44  38]
  [ 27  47  42]
  ..., 
  [134 132 134]
  [146 145 147]
  [152 151 153]]

 [[ 13  35  29]
  [ 17  38  32]
  [ 18  39  33]
  ..., 
  [103 103 105]
  [111 111 113]
  [117 117 119]]

 [[  5  28  22]
  [  7  30  24]
  [ 12  35  29]
  ..., 
  [ 62  65  67]
  [ 69  72  74]
  [ 69  72  74]]

 ..., 
 [[128 134 137]
  [127 132 136]
  [127 132 136]
  ..., 
  [ 64  64  64]
  [ 73  73  73]
  [ 87  87  87]]

 [[129 135 138]
  [126 131 135]
  [126 131 135]
  ..., 
  [ 78  78  78]
  [ 83  83  83]
  [ 82  82  82]]

 [[129 135 138]
  [126 131 135]
  [126 131 135]
  ..., 
  [ 78  78  78]
  [ 83  83  83]
  [ 82  82  82]]]