[[[ 19  38  35]
  [ 20  39  36]
  [ 24  43  40]
  ..., 
  [123 133 132]
  [139 148 147]
  [146 155 154]]

 [[ 11  30  27]
  [ 13  32  29]
  [ 17  36  33]
  ..., 
  [ 96 105 104]
  [104 113 112]
  [107 117 115]]

 [[  7  27  23]
  [  8  28  25]
  [ 14  34  30]
  ..., 
  [ 61  70  69]
  [ 64  74  72]
  [ 67  76  75]]

 ..., 
 [[132 133 137]
  [132 133 137]
  [132 133 137]
  ..., 
  [ 76  74  75]
  [ 85  85  85]
  [ 91  91  91]]

 [[132 133 137]
  [132 133 137]
  [132 133 137]
  ..., 
  [ 82  81  82]
  [ 79  79  79]
  [ 79  79  79]]

 [[132 133 137]
  [132 133 137]
  [132 133 137]
  ..., 
  [ 82  81  82]
  [ 79  79  79]
  [ 79  79  79]]]