[[[ 18  37  34]
  [ 22  42  39]
  [ 21  40  37]
  ..., 
  [127 137 135]
  [131 140 139]
  [150 160 158]]

 [[ 12  31  28]
  [ 17  36  33]
  [ 17  36  33]
  ..., 
  [ 95 105 104]
  [ 99 109 107]
  [110 119 118]]

 [[  5  24  21]
  [  8  28  25]
  [ 13  32  29]
  ..., 
  [ 55  65  63]
  [ 61  70  69]
  [ 62  72  70]]

 ..., 
 [[131 134 138]
  [131 134 138]
  [131 134 138]
  ..., 
  [ 68  69  69]
  [ 82  84  84]
  [ 91  94  93]]

 [[131 134 138]
  [131 134 138]
  [131 134 138]
  ..., 
  [ 77  78  78]
  [ 77  80  79]
  [ 81  83  83]]

 [[131 134 138]
  [131 134 138]
  [131 134 138]
  ..., 
  [ 77  78  78]
  [ 77  80  79]
  [ 81  83  83]]]