[[[ 21  39  33]
  [ 27  44  39]
  [ 29  47  42]
  ..., 
  [122 131 133]
  [131 139 140]
  [140 149 149]]

 [[ 10  28  23]
  [ 16  34  29]
  [ 22  40  35]
  ..., 
  [ 93 102 104]
  [ 96 106 107]
  [101 110 111]]

 [[  0  18  13]
  [  7  25  19]
  [ 14  32  26]
  ..., 
  [ 54  64  68]
  [ 57  67  69]
  [ 55  65  67]]

 ..., 
 [[131 132 136]
  [131 132 136]
  [131 132 136]
  ..., 
  [ 63  63  63]
  [ 76  76  76]
  [ 79  79  79]]

 [[131 132 136]
  [131 132 136]
  [131 132 136]
  ..., 
  [ 79  79  79]
  [ 85  85  85]
  [ 80  80  80]]

 [[131 132 136]
  [131 132 136]
  [131 132 136]
  ..., 
  [ 79  79  79]
  [ 85  85  85]
  [ 80  80  80]]]