[[[ 17  39  33]
  [ 24  46  40]
  [ 23  45  39]
  ..., 
  [123 129 132]
  [131 138 139]
  [143 150 151]]

 [[  9  31  25]
  [ 15  37  31]
  [ 16  38  32]
  ..., 
  [ 95 101 104]
  [103 110 112]
  [108 115 116]]

 [[  2  23  17]
  [  7  27  22]
  [ 11  32  26]
  ..., 
  [ 60  67  71]
  [ 62  70  73]
  [ 64  71  74]]

 ..., 
 [[130 134 136]
  [128 132 133]
  [126 130 132]
  ..., 
  [ 56  56  56]
  [ 68  68  68]
  [ 77  77  77]]

 [[130 134 136]
  [126 130 132]
  [126 130 132]
  ..., 
  [ 78  78  78]
  [ 79  79  79]
  [ 84  84  84]]

 [[130 134 136]
  [126 130 132]
  [126 130 132]
  ..., 
  [ 78  78  78]
  [ 79  79  79]
  [ 84  84  84]]]