[[[ 20  40  35]
  [ 24  44  38]
  [ 20  40  35]
  ..., 
  [126 136 134]
  [133 143 141]
  [149 159 157]]

 [[  7  27  22]
  [ 12  32  26]
  [ 14  34  29]
  ..., 
  [ 96 107 105]
  [103 112 111]
  [105 115 113]]

 [[  0  20  15]
  [  5  25  19]
  [ 13  33  28]
  ..., 
  [ 56  66  64]
  [ 60  69  68]
  [ 54  63  62]]

 ..., 
 [[129 135 138]
  [129 135 138]
  [128 134 137]
  ..., 
  [ 69  70  70]
  [ 81  83  83]
  [ 90  92  92]]

 [[129 135 138]
  [129 135 138]
  [128 134 137]
  ..., 
  [ 77  78  78]
  [ 77  80  79]
  [ 79  82  82]]

 [[129 135 138]
  [129 135 138]
  [128 134 137]
  ..., 
  [ 77  78  78]
  [ 77  80  79]
  [ 79  82  82]]]