[[[ 17  39  33]
  [ 24  46  40]
  [ 23  45  39]
  ..., 
  [123 129 132]
  [133 139 140]
  [144 151 152]]

 [[  8  30  24]
  [ 15  37  31]
  [ 16  38  32]
  ..., 
  [ 93  99 102]
  [102 109 110]
  [105 112 114]]

 [[  3  24  18]
  [  6  26  21]
  [ 11  32  26]
  ..., 
  [ 55  63  67]
  [ 60  68  70]
  [ 61  69  71]]

 ..., 
 [[130 134 136]
  [129 133 134]
  [129 133 134]
  ..., 
  [ 57  57  57]
  [ 66  66  66]
  [ 75  75  75]]

 [[130 134 136]
  [128 132 133]
  [129 133 134]
  ..., 
  [ 80  80  81]
  [ 78  78  78]
  [ 82  82  82]]

 [[130 134 136]
  [128 132 133]
  [129 133 134]
  ..., 
  [ 80  80  81]
  [ 78  78  78]
  [ 82  82  82]]]