[[[ 19  39  33]
  [ 26  46  40]
  [ 26  46  40]
  ..., 
  [127 134 134]
  [136 143 142]
  [144 152 150]]

 [[ 10  30  24]
  [ 16  35  30]
  [ 17  37  31]
  ..., 
  [ 94 101 101]
  [103 111 110]
  [105 113 112]]

 [[  4  22  17]
  [  8  26  21]
  [ 12  31  25]
  ..., 
  [ 55  63  65]
  [ 58  66  67]
  [ 59  67  68]]

 ..., 
 [[130 134 136]
  [130 134 136]
  [130 134 136]
  ..., 
  [ 55  55  55]
  [ 63  63  63]
  [ 72  72  72]]

 [[130 134 136]
  [130 134 136]
  [130 134 136]
  ..., 
  [ 77  77  77]
  [ 77  77  77]
  [ 83  83  83]]

 [[130 134 136]
  [130 134 136]
  [130 134 136]
  ..., 
  [ 77  77  77]
  [ 77  77  77]
  [ 83  83  83]]]