[[[ 17  37  31]
  [ 24  44  38]
  [ 25  45  39]
  ..., 
  [127 133 135]
  [135 141 143]
  [143 150 151]]

 [[ 10  30  24]
  [ 15  34  29]
  [ 16  35  30]
  ..., 
  [ 95 101 104]
  [103 110 112]
  [105 112 114]]

 [[  5  24  18]
  [  9  27  22]
  [ 13  32  26]
  ..., 
  [ 56  64  68]
  [ 58  65  68]
  [ 59  67  69]]

 ..., 
 [[130 133 137]
  [130 133 137]
  [130 133 137]
  ..., 
  [ 63  63  63]
  [ 72  72  72]
  [ 82  82  82]]

 [[130 133 137]
  [130 133 137]
  [130 133 137]
  ..., 
  [ 82  82  82]
  [ 82  82  82]
  [ 84  84  84]]

 [[130 133 137]
  [130 133 137]
  [130 133 137]
  ..., 
  [ 82  82  82]
  [ 82  82  82]
  [ 84  84  84]]]