[[[ 15  35  30]
  [ 20  40  35]
  [ 22  42  37]
  ..., 
  [124 130 133]
  [133 139 140]
  [140 146 147]]

 [[  9  28  23]
  [ 11  31  25]
  [ 16  35  30]
  ..., 
  [ 95 101 104]
  [102 109 110]
  [104 111 113]]

 [[  4  22  17]
  [  9  27  22]
  [ 12  31  25]
  ..., 
  [ 58  65  69]
  [ 58  65  68]
  [ 59  67  69]]

 ..., 
 [[130 134 136]
  [130 134 136]
  [130 134 136]
  ..., 
  [ 64  64  64]
  [ 75  75  75]
  [ 87  87  87]]

 [[130 134 136]
  [130 134 136]
  [130 134 136]
  ..., 
  [ 82  82  82]
  [ 80  80  80]
  [ 82  82  82]]

 [[130 134 136]
  [130 134 136]
  [130 134 136]
  ..., 
  [ 82  82  82]
  [ 80  80  80]
  [ 82  82  82]]]