[[[ 13  36  30]
  [ 18  41  35]
  [ 20  43  37]
  ..., 
  [126 132 134]
  [129 136 137]
  [142 148 149]]

 [[  7  29  23]
  [  9  31  25]
  [ 14  36  30]
  ..., 
  [ 95 101 104]
  [102 109 110]
  [106 113 115]]

 [[  2  23  17]
  [  7  27  22]
  [ 10  31  25]
  ..., 
  [ 58  65  69]
  [ 61  69  72]
  [ 61  69  71]]

 ..., 
 [[130 134 136]
  [130 134 136]
  [130 134 136]
  ..., 
  [ 65  65  66]
  [ 77  77  77]
  [ 89  89  89]]

 [[130 134 136]
  [130 134 136]
  [130 134 136]
  ..., 
  [ 79  79  79]
  [ 80  80  80]
  [ 79  79  79]]

 [[130 134 136]
  [130 134 136]
  [130 134 136]
  ..., 
  [ 79  79  79]
  [ 80  80  80]
  [ 79  79  79]]]