[[[ 15  35  30]
  [ 20  40  35]
  [ 22  42  37]
  ..., 
  [127 133 135]
  [134 140 141]
  [145 152 153]]

 [[  9  28  23]
  [ 11  31  25]
  [ 16  35  30]
  ..., 
  [ 96 102 105]
  [102 109 110]
  [108 115 116]]

 [[  4  22  17]
  [  9  27  22]
  [ 12  31  25]
  ..., 
  [ 53  60  64]
  [ 61  69  72]
  [ 62  70  73]]

 ..., 
 [[130 134 136]
  [130 134 136]
  [130 134 136]
  ..., 
  [ 66  66  67]
  [ 79  79  79]
  [ 91  91  91]]

 [[130 134 136]
  [130 134 136]
  [130 134 136]
  ..., 
  [ 79  79  80]
  [ 83  83  83]
  [ 83  83  83]]

 [[130 134 136]
  [130 134 136]
  [130 134 136]
  ..., 
  [ 79  79  80]
  [ 83  83  83]
  [ 83  83  83]]]