[[[ 16  41  35]
  [ 21  46  39]
  [ 21  46  39]
  ..., 
  [127 133 135]
  [134 140 141]
  [143 150 151]]

 [[  5  29  23]
  [ 13  37  31]
  [ 17  41  35]
  ..., 
  [ 96 102 105]
  [102 109 110]
  [110 117 118]]

 [[  1  24  18]
  [  4  27  21]
  [  7  30  24]
  ..., 
  [ 53  60  64]
  [ 61  69  72]
  [ 65  72  75]]

 ..., 
 [[130 134 136]
  [130 134 136]
  [130 134 136]
  ..., 
  [ 58  58  59]
  [ 71  71  71]
  [ 84  84  84]]

 [[130 134 136]
  [130 134 136]
  [130 134 136]
  ..., 
  [ 76  76  76]
  [ 79  79  79]
  [ 82  82  82]]

 [[130 134 136]
  [130 134 136]
  [130 134 136]
  ..., 
  [ 76  76  76]
  [ 79  79  79]
  [ 82  82  82]]]