[[[ 18  41  35]
  [ 23  45  39]
  [ 23  45  39]
  ..., 
  [127 133 135]
  [134 140 141]
  [143 150 151]]

 [[  7  29  23]
  [ 15  37  31]
  [ 19  40  35]
  ..., 
  [ 96 102 105]
  [102 109 110]
  [110 117 118]]

 [[  3  24  18]
  [  6  26  21]
  [  9  30  24]
  ..., 
  [ 53  60  64]
  [ 61  69  72]
  [ 65  72  75]]

 ..., 
 [[130 133 137]
  [130 133 137]
  [130 133 137]
  ..., 
  [ 58  58  59]
  [ 71  71  71]
  [ 84  84  84]]

 [[130 133 137]
  [130 133 137]
  [130 133 137]
  ..., 
  [ 76  76  76]
  [ 79  79  79]
  [ 82  82  82]]

 [[130 133 137]
  [130 133 137]
  [130 133 137]
  ..., 
  [ 76  76  76]
  [ 79  79  79]
  [ 82  82  82]]]