[[[ 18  38  32]
  [ 22  42  37]
  [ 22  42  37]
  ..., 
  [122 132 131]
  [131 140 139]
  [143 153 151]]

 [[ 12  32  26]
  [ 18  38  32]
  [ 18  38  32]
  ..., 
  [ 93 103 101]
  [100 110 108]
  [103 112 111]]

 [[  4  24  18]
  [  8  29  23]
  [ 14  34  29]
  ..., 
  [ 56  66  64]
  [ 60  69  68]
  [ 57  67  65]]

 ..., 
 [[129 136 137]
  [129 136 137]
  [129 136 137]
  ..., 
  [ 65  67  67]
  [ 78  81  80]
  [ 90  92  92]]

 [[129 136 137]
  [129 136 137]
  [129 136 137]
  ..., 
  [ 78  79  79]
  [ 81  83  83]
  [ 85  88  87]]

 [[129 136 137]
  [129 136 137]
  [129 136 137]
  ..., 
  [ 78  79  79]
  [ 81  83  83]
  [ 85  88  87]]]