[[[ 15  35  30]
  [ 21  41  36]
  [ 25  45  39]
  ..., 
  [123 128 134]
  [133 137 143]
  [138 143 149]]

 [[ 10  30  24]
  [ 18  38  32]
  [ 22  42  37]
  ..., 
  [ 96 101 108]
  [101 106 112]
  [104 110 115]]

 [[  1  22  16]
  [  7  27  22]
  [ 10  30  24]
  ..., 
  [ 60  67  73]
  [ 60  67  72]
  [ 61  68  74]]

 ..., 
 [[131 134 138]
  [130 133 137]
  [128 131 135]
  ..., 
  [ 57  57  57]
  [ 66  66  66]
  [ 75  75  75]]

 [[129 132 136]
  [129 132 136]
  [129 132 136]
  ..., 
  [ 77  77  77]
  [ 82  82  82]
  [ 82  82  82]]

 [[129 132 136]
  [129 132 136]
  [129 132 136]
  ..., 
  [ 77  77  77]
  [ 82  82  82]
  [ 82  82  82]]]