[[[ 15  35  30]
  [ 21  41  36]
  [ 25  45  39]
  ..., 
  [123 129 133]
  [133 138 142]
  [138 144 148]]

 [[ 10  30  24]
  [ 18  38  32]
  [ 22  42  37]
  ..., 
  [ 96 102 106]
  [101 107 110]
  [104 110 114]]

 [[  1  22  16]
  [  7  27  22]
  [ 10  30  24]
  ..., 
  [ 60  67  71]
  [ 60  67  71]
  [ 61  69  72]]

 ..., 
 [[131 134 138]
  [130 133 137]
  [128 131 135]
  ..., 
  [ 57  57  57]
  [ 66  66  66]
  [ 75  75  75]]

 [[129 132 136]
  [129 132 136]
  [129 132 136]
  ..., 
  [ 77  77  77]
  [ 82  82  82]
  [ 82  82  82]]

 [[129 132 136]
  [129 132 136]
  [129 132 136]
  ..., 
  [ 77  77  77]
  [ 82  82  82]
  [ 82  82  82]]]