[[[ 17  36  33]
  [ 18  37  34]
  [ 25  44  41]
  ..., 
  [126 132 134]
  [134 139 143]
  [138 144 148]]

 [[ 10  29  26]
  [ 15  35  32]
  [ 21  40  37]
  ..., 
  [ 94 100 103]
  [100 106 109]
  [104 110 114]]

 [[  0  20  16]
  [  8  28  25]
  [ 12  31  28]
  ..., 
  [ 58  66  68]
  [ 59  66  70]
  [ 61  69  72]]

 ..., 
 [[131 134 138]
  [130 133 137]
  [128 131 135]
  ..., 
  [ 57  57  57]
  [ 66  66  66]
  [ 75  75  75]]

 [[129 132 136]
  [129 132 136]
  [129 132 136]
  ..., 
  [ 77  77  77]
  [ 82  82  82]
  [ 82  82  82]]

 [[129 132 136]
  [129 132 136]
  [129 132 136]
  ..., 
  [ 77  77  77]
  [ 82  82  82]
  [ 82  82  82]]]