[[[ 18  37  34]
  [ 18  37  34]
  [ 26  45  42]
  ..., 
  [126 132 134]
  [135 141 144]
  [140 145 149]]

 [[ 10  29  26]
  [ 14  34  30]
  [ 19  38  35]
  ..., 
  [ 94 100 103]
  [101 107 110]
  [105 111 115]]

 [[  0  20  16]
  [ 10  29  26]
  [ 13  32  29]
  ..., 
  [ 58  66  68]
  [ 60  67  71]
  [ 62  70  73]]

 ..., 
 [[131 134 138]
  [130 133 137]
  [128 131 135]
  ..., 
  [ 55  55  55]
  [ 64  64  64]
  [ 72  72  72]]

 [[129 132 136]
  [129 132 136]
  [129 132 136]
  ..., 
  [ 76  76  76]
  [ 80  80  80]
  [ 80  80  80]]

 [[129 132 136]
  [129 132 136]
  [129 132 136]
  ..., 
  [ 76  76  76]
  [ 80  80  80]
  [ 80  80  80]]]