[[[ 18  38  32]
  [ 22  42  37]
  [ 22  42  37]
  ..., 
  [122 132 131]
  [132 141 140]
  [145 154 153]]

 [[ 12  32  26]
  [ 18  38  32]
  [ 18  38  32]
  ..., 
  [ 92 102 100]
  [100 110 108]
  [104 113 112]]

 [[  4  24  18]
  [  8  29  23]
  [ 14  34  29]
  ..., 
  [ 56  66  64]
  [ 58  68  66]
  [ 55  65  63]]

 ..., 
 [[129 136 137]
  [129 136 137]
  [129 136 137]
  ..., 
  [ 63  64  64]
  [ 76  79  78]
  [ 88  90  90]]

 [[129 136 137]
  [129 136 137]
  [129 136 137]
  ..., 
  [ 77  78  78]
  [ 80  82  82]
  [ 84  87  86]]

 [[129 136 137]
  [129 136 137]
  [129 136 137]
  ..., 
  [ 77  78  78]
  [ 80  82  82]
  [ 84  87  86]]]