[[[ 19  35  33]
  [ 21  38  35]
  [ 28  45  42]
  ..., 
  [127 133 135]
  [134 139 143]
  [142 147 151]]

 [[ 12  28  26]
  [ 15  32  29]
  [ 21  38  35]
  ..., 
  [ 95 101 104]
  [100 106 109]
  [108 114 117]]

 [[  1  18  15]
  [  7  24  21]
  [ 14  31  28]
  ..., 
  [ 59  67  69]
  [ 59  66  70]
  [ 65  72  76]]

 ..., 
 [[130 133 137]
  [129 132 136]
  [129 132 136]
  ..., 
  [ 55  55  55]
  [ 66  66  66]
  [ 76  76  76]]

 [[128 131 135]
  [128 131 135]
  [130 133 137]
  ..., 
  [ 80  79  80]
  [ 82  82  82]
  [ 82  82  82]]

 [[128 131 135]
  [128 131 135]
  [130 133 137]
  ..., 
  [ 80  79  80]
  [ 82  82  82]
  [ 82  82  82]]]