[[[ 16  33  30]
  [ 21  38  35]
  [ 29  46  43]
  ..., 
  [126 131 136]
  [137 142 148]
  [145 150 156]]

 [[  9  26  23]
  [ 17  34  32]
  [ 21  38  35]
  ..., 
  [ 94  99 104]
  [101 106 112]
  [109 114 120]]

 [[  2  19  16]
  [  6  23  20]
  [ 13  30  27]
  ..., 
  [ 57  64  68]
  [ 57  63  69]
  [ 61  68  74]]

 ..., 
 [[130 133 137]
  [129 132 136]
  [129 132 136]
  ..., 
  [ 55  55  55]
  [ 66  66  66]
  [ 76  76  76]]

 [[128 131 135]
  [129 132 136]
  [130 133 137]
  ..., 
  [ 79  79  80]
  [ 82  82  82]
  [ 82  82  82]]

 [[128 131 135]
  [129 132 136]
  [130 133 137]
  ..., 
  [ 79  79  80]
  [ 82  82  82]
  [ 82  82  82]]]