[[[ 17  36  33]
  [ 22  42  39]
  [ 26  45  42]
  ..., 
  [127 132 137]
  [136 141 147]
  [143 148 154]]

 [[ 10  29  26]
  [ 20  39  36]
  [ 19  38  35]
  ..., 
  [ 96 102 107]
  [102 107 113]
  [106 112 118]]

 [[  3  22  19]
  [  8  28  25]
  [ 11  30  27]
  ..., 
  [ 58  65  69]
  [ 59  66  71]
  [ 61  68  74]]

 ..., 
 [[130 133 137]
  [129 132 136]
  [129 132 136]
  ..., 
  [ 58  58  59]
  [ 71  71  71]
  [ 76  76  76]]

 [[128 131 135]
  [129 132 136]
  [130 133 137]
  ..., 
  [ 79  79  80]
  [ 83  83  83]
  [ 84  84  84]]

 [[128 131 135]
  [129 132 136]
  [130 133 137]
  ..., 
  [ 79  79  80]
  [ 83  83  83]
  [ 84  84  84]]]