[[[ 20  37  34]
  [ 27  44  41]
  [ 31  48  46]
  ..., 
  [127 132 137]
  [136 141 147]
  [143 148 154]]

 [[ 13  30  27]
  [ 23  40  37]
  [ 21  38  35]
  ..., 
  [ 96 102 107]
  [102 107 113]
  [106 112 118]]

 [[  5  21  19]
  [ 10  27  25]
  [ 12  28  26]
  ..., 
  [ 58  65  69]
  [ 59  66  71]
  [ 61  68  74]]

 ..., 
 [[129 135 138]
  [128 134 137]
  [127 132 136]
  ..., 
  [ 56  56  56]
  [ 69  69  69]
  [ 76  76  76]]

 [[127 132 136]
  [128 134 137]
  [128 134 137]
  ..., 
  [ 81  80  81]
  [ 80  80  80]
  [ 82  82  82]]

 [[127 132 136]
  [128 134 137]
  [128 134 137]
  ..., 
  [ 81  80  81]
  [ 80  80  80]
  [ 82  82  82]]]