[[[ 20  37  34]
  [ 24  41  39]
  [ 31  48  46]
  ..., 
  [128 133 138]
  [134 139 145]
  [138 143 149]]

 [[ 13  30  27]
  [ 21  38  35]
  [ 23  40  37]
  ..., 
  [ 94  99 104]
  [101 106 112]
  [108 113 119]]

 [[  5  21  19]
  [  9  26  23]
  [ 12  28  26]
  ..., 
  [ 54  61  66]
  [ 59  66  71]
  [ 64  70  76]]

 ..., 
 [[129 135 138]
  [129 135 138]
  [127 132 136]
  ..., 
  [ 50  50  50]
  [ 63  63  63]
  [ 68  68  68]]

 [[127 132 136]
  [128 134 137]
  [128 134 137]
  ..., 
  [ 78  78  78]
  [ 82  82  82]
  [ 83  83  83]]

 [[127 132 136]
  [128 134 137]
  [128 134 137]
  ..., 
  [ 78  78  78]
  [ 82  82  82]
  [ 83  83  83]]]