[[[ 14  33  32]
  [ 20  39  38]
  [ 25  43  42]
  ..., 
  [128 133 138]
  [134 139 145]
  [138 143 149]]

 [[  8  27  26]
  [ 18  36  35]
  [ 19  37  37]
  ..., 
  [ 94  99 104]
  [101 106 112]
  [108 113 119]]

 [[  4  22  22]
  [  7  26  25]
  [ 11  29  28]
  ..., 
  [ 54  61  66]
  [ 59  66  71]
  [ 64  70  76]]

 ..., 
 [[130 136 140]
  [127 132 136]
  [124 130 134]
  ..., 
  [ 50  50  51]
  [ 61  61  61]
  [ 69  69  69]]

 [[128 134 137]
  [124 130 134]
  [124 130 134]
  ..., 
  [ 78  78  79]
  [ 79  79  79]
  [ 84  84  84]]

 [[128 134 137]
  [124 130 134]
  [124 130 134]
  ..., 
  [ 78  78  79]
  [ 79  79  79]
  [ 84  84  84]]]