[[[ 17  36  33]
  [ 22  42  39]
  [ 22  42  39]
  ..., 
  [127 132 137]
  [130 135 141]
  [138 143 149]]

 [[ 13  32  29]
  [ 15  35  32]
  [ 19  38  35]
  ..., 
  [ 94  99 104]
  [102 107 113]
  [102 107 113]]

 [[  5  24  21]
  [  6  25  22]
  [  8  28  25]
  ..., 
  [ 58  65  69]
  [ 62  69  75]
  [ 61  68  74]]

 ..., 
 [[132 135 140]
  [129 132 136]
  [126 130 134]
  ..., 
  [ 55  55  55]
  [ 59  59  59]
  [ 73  73  73]]

 [[130 133 137]
  [126 130 134]
  [126 130 134]
  ..., 
  [ 77  77  77]
  [ 75  75  75]
  [ 86  86  86]]

 [[130 133 137]
  [126 130 134]
  [126 130 134]
  ..., 
  [ 77  77  77]
  [ 75  75  75]
  [ 86  86  86]]]