[[[ 17  36  33]
  [ 22  42  39]
  [ 22  42  39]
  ..., 
  [125 130 135]
  [131 136 142]
  [137 142 148]]

 [[ 13  32  29]
  [ 15  35  32]
  [ 19  38  35]
  ..., 
  [ 93  98 103]
  [104 110 115]
  [102 107 113]]

 [[  5  24  21]
  [  6  25  22]
  [  8  28  25]
  ..., 
  [ 57  63  68]
  [ 65  71  77]
  [ 61  68  74]]

 ..., 
 [[132 135 140]
  [129 132 136]
  [126 130 134]
  ..., 
  [ 55  55  55]
  [ 59  59  59]
  [ 73  73  73]]

 [[130 133 137]
  [126 130 134]
  [126 130 134]
  ..., 
  [ 77  77  77]
  [ 75  75  75]
  [ 86  86  86]]

 [[130 133 137]
  [126 130 134]
  [126 130 134]
  ..., 
  [ 77  77  77]
  [ 75  75  75]
  [ 86  86  86]]]