[[[ 18  37  34]
  [ 24  43  40]
  [ 24  43  40]
  ..., 
  [125 130 135]
  [131 136 142]
  [137 142 148]]

 [[ 14  34  30]
  [ 17  36  33]
  [ 20  39  36]
  ..., 
  [ 93  98 103]
  [104 110 115]
  [102 107 113]]

 [[  6  25  22]
  [  7  27  23]
  [ 10  29  26]
  ..., 
  [ 57  63  68]
  [ 65  71  77]
  [ 61  68  74]]

 ..., 
 [[132 135 140]
  [129 132 136]
  [126 130 134]
  ..., 
  [ 55  55  55]
  [ 62  62  62]
  [ 76  76  76]]

 [[130 133 137]
  [126 130 134]
  [126 130 134]
  ..., 
  [ 77  77  77]
  [ 78  78  78]
  [ 89  89  89]]

 [[130 133 137]
  [126 130 134]
  [126 130 134]
  ..., 
  [ 77  77  77]
  [ 78  78  78]
  [ 89  89  89]]]