[[[ 18  38  32]
  [ 24  44  38]
  [ 25  45  39]
  ..., 
  [121 131 129]
  [131 140 139]
  [143 153 151]]

 [[ 12  32  26]
  [ 19  39  33]
  [ 19  39  33]
  ..., 
  [ 94 104 103]
  [101 111 110]
  [104 113 112]]

 [[  1  22  16]
  [  6  26  21]
  [ 12  32  26]
  ..., 
  [ 61  70  69]
  [ 61  70  69]
  [ 55  65  63]]

 ..., 
 [[129 133 134]
  [129 133 134]
  [129 133 134]
  ..., 
  [ 55  56  56]
  [ 64  67  66]
  [ 75  77  77]]

 [[129 133 134]
  [129 133 134]
  [129 133 134]
  ..., 
  [ 79  81  81]
  [ 77  80  79]
  [ 79  82  82]]

 [[129 133 134]
  [129 133 134]
  [129 133 134]
  ..., 
  [ 79  81  81]
  [ 77  80  79]
  [ 79  82  82]]]