[[[ 20  40  35]
  [ 20  40  35]
  [ 21  41  36]
  ..., 
  [122 130 135]
  [134 142 145]
  [136 144 148]]

 [[ 13  33  28]
  [ 18  38  32]
  [ 21  41  36]
  ..., 
  [ 90  99 103]
  [100 108 112]
  [103 112 115]]

 [[  7  27  22]
  [  6  26  21]
  [ 11  31  25]
  ..., 
  [ 56  65  69]
  [ 59  69  72]
  [ 62  71  74]]

 ..., 
 [[129 132 136]
  [129 132 136]
  [129 132 136]
  ..., 
  [ 57  57  57]
  [ 66  66  66]
  [ 75  75  75]]

 [[129 132 136]
  [129 132 136]
  [129 132 136]
  ..., 
  [ 76  76  76]
  [ 78  78  78]
  [ 85  85  85]]

 [[129 132 136]
  [129 132 136]
  [129 132 136]
  ..., 
  [ 76  76  76]
  [ 78  78  78]
  [ 85  85  85]]]