[[[ 20  37  32]
  [ 22  40  35]
  [ 23  41  36]
  ..., 
  [123 131 136]
  [131 139 142]
  [133 141 144]]

 [[ 15  33  28]
  [ 16  34  29]
  [ 21  39  33]
  ..., 
  [ 93 101 106]
  [100 108 112]
  [100 108 111]]

 [[  7  25  19]
  [  8  26  21]
  [ 12  29  24]
  ..., 
  [ 56  65  69]
  [ 62  71  74]
  [ 63  73  75]]

 ..., 
 [[129 133 134]
  [129 133 134]
  [129 133 134]
  ..., 
  [ 57  57  57]
  [ 66  66  66]
  [ 75  75  75]]

 [[129 133 134]
  [129 133 134]
  [129 133 134]
  ..., 
  [ 76  76  76]
  [ 78  78  78]
  [ 85  85  85]]

 [[129 133 134]
  [129 133 134]
  [129 133 134]
  ..., 
  [ 76  76  76]
  [ 78  78  78]
  [ 85  85  85]]]