[[[ 21  38  35]
  [ 27  44  41]
  [ 29  46  43]
  ..., 
  [121 130 131]
  [133 142 143]
  [139 148 148]]

 [[ 10  27  25]
  [ 19  35  33]
  [ 24  41  39]
  ..., 
  [ 93 102 103]
  [ 99 108 109]
  [101 110 111]]

 [[  8  25  22]
  [ 12  28  26]
  [ 14  31  28]
  ..., 
  [ 58  68  70]
  [ 58  69  69]
  [ 59  70  70]]

 ..., 
 [[128 131 135]
  [128 131 135]
  [128 131 135]
  ..., 
  [ 57  57  57]
  [ 70  70  70]
  [ 77  77  77]]

 [[128 131 135]
  [128 131 135]
  [128 131 135]
  ..., 
  [ 78  78  78]
  [ 79  79  79]
  [ 84  84  84]]

 [[128 131 135]
  [128 131 135]
  [128 131 135]
  ..., 
  [ 78  78  78]
  [ 79  79  79]
  [ 84  84  84]]]