[[[ 21  38  35]
  [ 27  44  41]
  [ 29  46  43]
  ..., 
  [120 129 130]
  [132 141 141]
  [139 148 148]]

 [[ 10  27  25]
  [ 19  35  33]
  [ 24  41  39]
  ..., 
  [ 93 102 103]
  [ 99 108 109]
  [102 112 112]]

 [[  8  25  22]
  [ 12  28  26]
  [ 14  31  28]
  ..., 
  [ 58  68  70]
  [ 58  69  69]
  [ 60  71  71]]

 ..., 
 [[128 131 135]
  [128 131 135]
  [128 131 135]
  ..., 
  [ 57  57  57]
  [ 70  70  70]
  [ 73  73  73]]

 [[128 131 135]
  [128 131 135]
  [128 131 135]
  ..., 
  [ 79  79  80]
  [ 83  83  83]
  [ 82  82  82]]

 [[128 131 135]
  [128 131 135]
  [128 131 135]
  ..., 
  [ 79  79  80]
  [ 83  83  83]
  [ 82  82  82]]]