[[[ 20  37  32]
  [ 26  43  38]
  [ 28  46  40]
  ..., 
  [122 131 132]
  [132 141 141]
  [140 149 150]]

 [[ 12  29  24]
  [ 16  34  29]
  [ 24  42  37]
  ..., 
  [ 96 106 107]
  [101 110 111]
  [102 112 112]]

 [[  9  27  22]
  [ 10  28  23]
  [ 12  29  24]
  ..., 
  [ 60  71  72]
  [ 57  68  68]
  [ 56  66  67]]

 ..., 
 [[128 132 133]
  [128 132 133]
  [128 132 133]
  ..., 
  [ 60  61  61]
  [ 72  72  72]
  [ 77  77  77]]

 [[128 132 133]
  [128 132 133]
  [128 132 133]
  ..., 
  [ 78  78  78]
  [ 82  82  82]
  [ 82  82  82]]

 [[128 132 133]
  [128 132 133]
  [128 132 133]
  ..., 
  [ 78  78  78]
  [ 82  82  82]
  [ 82  82  82]]]