[[[ 17  37  31]
  [ 24  44  38]
  [ 27  47  42]
  ..., 
  [122 131 132]
  [133 142 143]
  [140 149 150]]

 [[  8  29  23]
  [ 14  34  29]
  [ 24  44  38]
  ..., 
  [ 93 102 103]
  [100 109 110]
  [102 112 112]]

 [[  6  26  21]
  [  8  29  23]
  [ 11  31  25]
  ..., 
  [ 57  67  69]
  [ 56  66  67]
  [ 56  66  67]]

 ..., 
 [[128 132 133]
  [128 132 133]
  [128 132 133]
  ..., 
  [ 60  61  61]
  [ 72  72  72]
  [ 82  82  82]]

 [[128 132 133]
  [128 132 133]
  [128 132 133]
  ..., 
  [ 78  78  78]
  [ 82  82  82]
  [ 86  86  86]]

 [[128 132 133]
  [128 132 133]
  [128 132 133]
  ..., 
  [ 78  78  78]
  [ 82  82  82]
  [ 86  86  86]]]