[[[ 15  35  30]
  [ 24  44  38]
  [ 26  46  40]
  ..., 
  [122 131 132]
  [133 142 143]
  [140 149 150]]

 [[  7  27  22]
  [ 13  33  28]
  [ 24  44  38]
  ..., 
  [ 93 102 103]
  [100 109 110]
  [102 112 112]]

 [[  6  26  21]
  [  6  26  21]
  [ 11  31  25]
  ..., 
  [ 57  67  69]
  [ 56  66  67]
  [ 56  66  67]]

 ..., 
 [[128 132 133]
  [128 132 133]
  [128 132 133]
  ..., 
  [ 64  64  64]
  [ 75  75  75]
  [ 82  82  82]]

 [[128 132 133]
  [128 132 133]
  [128 132 133]
  ..., 
  [ 79  79  80]
  [ 82  82  82]
  [ 85  85  85]]

 [[128 132 133]
  [128 132 133]
  [128 132 133]
  ..., 
  [ 79  79  80]
  [ 82  82  82]
  [ 85  85  85]]]