[[[ 21  39  33]
  [ 28  46  40]
  [ 26  43  38]
  ..., 
  [124 132 133]
  [131 139 140]
  [140 149 150]]

 [[ 10  28  23]
  [ 16  34  29]
  [ 23  41  36]
  ..., 
  [ 93 102 103]
  [100 109 110]
  [104 114 115]]

 [[  9  27  22]
  [  8  26  21]
  [ 12  29  24]
  ..., 
  [ 56  66  68]
  [ 58  69  69]
  [ 60  71  71]]

 ..., 
 [[128 132 133]
  [128 132 133]
  [128 132 133]
  ..., 
  [ 70  70  70]
  [ 84  84  84]
  [ 92  92  92]]

 [[128 132 133]
  [128 132 133]
  [128 132 133]
  ..., 
  [ 78  78  78]
  [ 79  79  79]
  [ 82  82  82]]

 [[128 132 133]
  [128 132 133]
  [128 132 133]
  ..., 
  [ 78  78  78]
  [ 79  79  79]
  [ 82  82  82]]]