[[[ 21  39  33]
  [ 28  46  40]
  [ 26  43  38]
  ..., 
  [125 134 135]
  [132 141 141]
  [140 149 150]]

 [[ 10  28  23]
  [ 16  34  29]
  [ 23  41  36]
  ..., 
  [ 94 103 104]
  [101 110 111]
  [104 114 115]]

 [[  9  27  22]
  [  8  26  21]
  [ 12  29  24]
  ..., 
  [ 56  66  68]
  [ 60  71  72]
  [ 64  75  75]]

 ..., 
 [[128 132 133]
  [128 132 133]
  [128 132 133]
  ..., 
  [ 64  64  64]
  [ 78  78  78]
  [ 86  86  86]]

 [[128 132 133]
  [128 132 133]
  [128 132 133]
  ..., 
  [ 79  79  80]
  [ 80  80  80]
  [ 83  83  83]]

 [[128 132 133]
  [128 132 133]
  [128 132 133]
  ..., 
  [ 79  79  80]
  [ 80  80  80]
  [ 83  83  83]]]