[[[ 21  39  33]
  [ 28  46  40]
  [ 26  43  38]
  ..., 
  [121 130 131]
  [131 139 140]
  [142 151 152]]

 [[ 10  28  23]
  [ 16  34  29]
  [ 23  41  36]
  ..., 
  [ 93 102 103]
  [100 109 110]
  [103 113 113]]

 [[  9  27  22]
  [  8  26  21]
  [ 12  29  24]
  ..., 
  [ 56  66  68]
  [ 59  70  70]
  [ 60  71  71]]

 ..., 
 [[128 132 133]
  [128 132 133]
  [128 132 133]
  ..., 
  [ 62  62  62]
  [ 82  82  82]
  [ 86  86  86]]

 [[128 132 133]
  [128 132 133]
  [128 132 133]
  ..., 
  [ 78  78  78]
  [ 83  83  83]
  [ 80  80  80]]

 [[128 132 133]
  [128 132 133]
  [128 132 133]
  ..., 
  [ 78  78  78]
  [ 83  83  83]
  [ 80  80  80]]]