[[[ 21  39  33]
  [ 27  44  39]
  [ 28  46  40]
  ..., 
  [126 135 136]
  [134 143 144]
  [141 150 151]]

 [[ 10  28  23]
  [ 15  33  28]
  [ 22  40  35]
  ..., 
  [ 95 104 106]
  [102 112 112]
  [104 114 115]]

 [[  9  27  22]
  [  8  26  21]
  [ 10  28  23]
  ..., 
  [ 51  61  63]
  [ 60  71  72]
  [ 60  71  71]]

 ..., 
 [[128 132 133]
  [128 132 133]
  [128 132 133]
  ..., 
  [ 62  62  62]
  [ 80  80  80]
  [ 92  92  92]]

 [[128 132 133]
  [128 132 133]
  [128 132 133]
  ..., 
  [ 78  78  78]
  [ 83  83  83]
  [ 86  86  86]]

 [[128 132 133]
  [128 132 133]
  [128 132 133]
  ..., 
  [ 78  78  78]
  [ 83  83  83]
  [ 86  86  86]]]