[[[ 21  39  33]
  [ 27  44  39]
  [ 28  46  40]
  ..., 
  [124 132 133]
  [133 142 143]
  [142 151 152]]

 [[ 10  28  23]
  [ 15  33  28]
  [ 22  40  35]
  ..., 
  [ 95 104 106]
  [102 112 112]
  [103 113 113]]

 [[  9  27  22]
  [  8  26  21]
  [ 10  28  23]
  ..., 
  [ 51  61  63]
  [ 60  71  72]
  [ 58  69  69]]

 ..., 
 [[128 132 133]
  [128 132 133]
  [128 132 133]
  ..., 
  [ 56  56  56]
  [ 77  77  77]
  [ 87  87  87]]

 [[128 132 133]
  [128 132 133]
  [128 132 133]
  ..., 
  [ 77  77  77]
  [ 84  84  84]
  [ 87  87  87]]

 [[128 132 133]
  [128 132 133]
  [128 132 133]
  ..., 
  [ 77  77  77]
  [ 84  84  84]
  [ 87  87  87]]]