[[[ 21  39  33]
  [ 27  44  39]
  [ 28  46  40]
  ..., 
  [122 131 132]
  [132 141 141]
  [142 151 152]]

 [[ 10  28  23]
  [ 15  33  28]
  [ 22  40  35]
  ..., 
  [ 94 103 104]
  [101 110 111]
  [103 113 113]]

 [[  9  27  22]
  [  8  26  21]
  [ 10  28  23]
  ..., 
  [ 51  61  63]
  [ 58  69  69]
  [ 55  65  66]]

 ..., 
 [[128 132 133]
  [128 132 133]
  [128 132 133]
  ..., 
  [ 65  65  66]
  [ 75  75  75]
  [ 86  86  86]]

 [[128 132 133]
  [128 132 133]
  [128 132 133]
  ..., 
  [ 79  79  80]
  [ 79  79  79]
  [ 79  79  79]]

 [[128 132 133]
  [128 132 133]
  [128 132 133]
  ..., 
  [ 79  79  80]
  [ 79  79  79]
  [ 79  79  79]]]