[[[ 23  41  36]
  [ 26  43  38]
  [ 27  44  39]
  ..., 
  [122 131 132]
  [132 141 141]
  [142 151 152]]

 [[ 13  30  25]
  [ 14  32  26]
  [ 21  39  33]
  ..., 
  [ 94 103 104]
  [101 110 111]
  [103 113 113]]

 [[  8  26  21]
  [  9  27  22]
  [ 12  29  24]
  ..., 
  [ 51  61  63]
  [ 58  69  69]
  [ 55  65  66]]

 ..., 
 [[128 132 133]
  [128 132 133]
  [128 132 133]
  ..., 
  [ 65  65  66]
  [ 75  75  75]
  [ 86  86  86]]

 [[128 132 133]
  [128 132 133]
  [128 132 133]
  ..., 
  [ 79  79  80]
  [ 79  79  79]
  [ 79  79  79]]

 [[128 132 133]
  [128 132 133]
  [128 132 133]
  ..., 
  [ 79  79  80]
  [ 79  79  79]
  [ 79  79  79]]]