[[[ 21  41  36]
  [ 25  45  39]
  [ 25  45  39]
  ..., 
  [121 131 129]
  [131 140 139]
  [143 153 151]]

 [[ 14  34  29]
  [ 17  37  31]
  [ 20  40  35]
  ..., 
  [ 94 104 103]
  [101 111 110]
  [104 113 112]]

 [[  1  22  16]
  [  5  25  19]
  [ 13  33  28]
  ..., 
  [ 61  70  69]
  [ 61  70  69]
  [ 55  65  63]]

 ..., 
 [[129 133 134]
  [129 133 134]
  [129 133 134]
  ..., 
  [ 64  65  66]
  [ 74  76  76]
  [ 84  87  86]]

 [[129 133 134]
  [129 133 134]
  [129 133 134]
  ..., 
  [ 79  81  81]
  [ 77  80  79]
  [ 79  82  82]]

 [[129 133 134]
  [129 133 134]
  [129 133 134]
  ..., 
  [ 79  81  81]
  [ 77  80  79]
  [ 79  82  82]]]