[[[ 20  39  37]
  [ 24  43  40]
  [ 22  41  39]
  ..., 
  [123 127 132]
  [138 143 146]
  [145 150 153]]

 [[ 17  36  32]
  [ 20  40  35]
  [ 21  41  36]
  ..., 
  [ 95 100 106]
  [102 109 113]
  [107 114 117]]

 [[  4  24  17]
  [ 10  30  23]
  [ 17  37  30]
  ..., 
  [ 57  63  68]
  [ 58  68  71]
  [ 59  69  72]]

 ..., 
 [[130 134 136]
  [130 134 136]
  [130 134 136]
  ..., 
  [ 61  61  61]
  [ 65  65  65]
  [ 80  80  80]]

 [[130 134 136]
  [130 134 136]
  [130 134 136]
  ..., 
  [ 81  82  82]
  [ 75  75  75]
  [ 79  79  79]]

 [[130 134 136]
  [130 134 136]
  [130 134 136]
  ..., 
  [ 81  82  82]
  [ 75  75  75]
  [ 79  79  79]]]