[[[ 20  39  37]
  [ 24  43  40]
  [ 22  41  39]
  ..., 
  [128 132 137]
  [140 145 149]
  [148 153 157]]

 [[ 17  36  32]
  [ 20  40  35]
  [ 21  41  36]
  ..., 
  [ 95 100 106]
  [100 107 110]
  [107 114 117]]

 [[  4  24  17]
  [ 10  30  23]
  [ 17  37  30]
  ..., 
  [ 58  65  70]
  [ 57  67  70]
  [ 60  70  73]]

 ..., 
 [[132 134 136]
  [132 134 136]
  [132 134 136]
  ..., 
  [ 68  68  68]
  [ 78  78  78]
  [ 87  87  87]]

 [[132 134 136]
  [132 134 136]
  [132 134 136]
  ..., 
  [ 80  80  81]
  [ 82  82  82]
  [ 83  83  83]]

 [[132 134 136]
  [132 134 136]
  [132 134 136]
  ..., 
  [ 80  80  81]
  [ 82  82  82]
  [ 83  83  83]]]