[[[ 20  39  37]
  [ 24  43  40]
  [ 22  41  39]
  ..., 
  [127 130 136]
  [139 144 148]
  [153 158 162]]

 [[ 17  36  32]
  [ 20  40  35]
  [ 21  41  36]
  ..., 
  [ 97 102 107]
  [ 97 105 108]
  [107 114 117]]

 [[  4  24  17]
  [ 10  30  23]
  [ 17  37  30]
  ..., 
  [ 58  65  70]
  [ 52  62  65]
  [ 54  64  67]]

 ..., 
 [[132 134 136]
  [132 134 136]
  [132 134 136]
  ..., 
  [ 71  71  71]
  [ 85  85  85]
  [ 97  97  97]]

 [[132 134 136]
  [132 134 136]
  [132 134 136]
  ..., 
  [ 76  76  76]
  [ 82  82  82]
  [ 85  85  85]]

 [[132 134 136]
  [132 134 136]
  [132 134 136]
  ..., 
  [ 76  76  76]
  [ 82  82  82]
  [ 85  85  85]]]