[[[ 20  39  37]
  [ 24  43  40]
  [ 22  41  39]
  ..., 
  [127 130 136]
  [138 143 146]
  [150 156 159]]

 [[ 17  36  32]
  [ 20  40  35]
  [ 21  41  36]
  ..., 
  [104 109 114]
  [105 113 116]
  [108 115 118]]

 [[  4  24  17]
  [ 10  30  23]
  [ 17  37  30]
  ..., 
  [ 70  76  81]
  [ 65  75  78]
  [ 60  70  73]]

 ..., 
 [[130 134 136]
  [130 134 136]
  [130 134 136]
  ..., 
  [ 71  71  71]
  [ 85  85  85]
  [ 97  97  97]]

 [[130 134 136]
  [130 134 136]
  [130 134 136]
  ..., 
  [ 76  76  76]
  [ 82  82  82]
  [ 85  85  85]]

 [[130 134 136]
  [130 134 136]
  [130 134 136]
  ..., 
  [ 76  76  76]
  [ 82  82  82]
  [ 85  85  85]]]