[[[ 21  40  38]
  [ 24  43  40]
  [ 24  43  40]
  ..., 
  [129 133 138]
  [140 145 149]
  [153 158 162]]

 [[ 15  35  30]
  [ 18  38  33]
  [ 20  40  35]
  ..., 
  [ 98 103 108]
  [102 109 113]
  [110 118 121]]

 [[  1  22  15]
  [  7  28  21]
  [ 14  35  28]
  ..., 
  [ 57  63  68]
  [ 55  64  67]
  [ 55  66  68]]

 ..., 
 [[130 134 136]
  [130 134 136]
  [130 134 136]
  ..., 
  [ 72  72  72]
  [ 87  87  87]
  [ 96  96  96]]

 [[130 134 136]
  [130 134 136]
  [130 134 136]
  ..., 
  [ 78  78  78]
  [ 82  82  82]
  [ 83  83  83]]

 [[130 134 136]
  [130 134 136]
  [130 134 136]
  ..., 
  [ 78  78  78]
  [ 82  82  82]
  [ 83  83  83]]]