[[[ 21  42  34]
  [ 25  46  38]
  [ 25  46  38]
  ..., 
  [120 130 128]
  [132 141 140]
  [145 154 153]]

 [[ 12  33  25]
  [ 14  35  27]
  [ 18  39  31]
  ..., 
  [ 93 103 101]
  [103 112 111]
  [105 115 113]]

 [[  1  22  14]
  [  5  26  18]
  [ 13  34  26]
  ..., 
  [ 60  69  68]
  [ 62  72  70]
  [ 56  66  64]]

 ..., 
 [[131 135 137]
  [130 134 136]
  [128 132 133]
  ..., 
  [ 64  65  66]
  [ 74  76  76]
  [ 84  87  86]]

 [[131 135 137]
  [130 134 136]
  [128 132 133]
  ..., 
  [ 79  81  81]
  [ 77  80  79]
  [ 79  82  82]]

 [[131 135 137]
  [130 134 136]
  [128 132 133]
  ..., 
  [ 79  81  81]
  [ 77  80  79]
  [ 79  82  82]]]