[[[ 22  41  39]
  [ 25  44  41]
  [ 24  43  40]
  ..., 
  [128 132 137]
  [139 144 148]
  [150 156 159]]

 [[ 17  36  32]
  [ 19  39  34]
  [ 20  40  35]
  ..., 
  [ 98 103 108]
  [103 111 114]
  [104 112 115]]

 [[  3  23  16]
  [  8  29  22]
  [ 14  35  28]
  ..., 
  [ 57  63  68]
  [ 59  69  72]
  [ 54  64  67]]

 ..., 
 [[130 133 137]
  [130 133 137]
  [130 133 137]
  ..., 
  [ 75  75  75]
  [ 86  86  86]
  [ 96  96  96]]

 [[130 133 137]
  [130 133 137]
  [130 133 137]
  ..., 
  [ 81  82  82]
  [ 79  79  79]
  [ 80  80  80]]

 [[130 133 137]
  [130 133 137]
  [130 133 137]
  ..., 
  [ 81  82  82]
  [ 79  79  79]
  [ 80  80  80]]]