[[[ 19  38  35]
  [ 22  41  39]
  [ 24  43  40]
  ..., 
  [129 133 138]
  [139 144 148]
  [147 152 156]]

 [[ 14  34  29]
  [ 18  38  33]
  [ 19  39  34]
  ..., 
  [ 99 104 109]
  [104 112 115]
  [109 116 120]]

 [[  3  23  16]
  [  7  28  21]
  [ 13  34  26]
  ..., 
  [ 58  65  70]
  [ 60  70  73]
  [ 59  69  72]]

 ..., 
 [[  6 252   6]
  [ 21 232  24]
  [ 50 217  54]
  ..., 
  [ 71  71  71]
  [ 85  85  85]
  [ 94  94  94]]

 [[  8 255   8]
  [ 17 231  19]
  [ 49 222  53]
  ..., 
  [ 80  80  81]
  [ 80  80  80]
  [ 82  82  82]]

 [[  9 255   9]
  [ 18 230  20]
  [ 51 221  54]
  ..., 
  [ 80  80  81]
  [ 80  80  80]
  [ 82  82  82]]]