[[[ 21  41  36]
  [ 25  45  39]
  [ 25  45  39]
  ..., 
  [123 133 132]
  [129 139 137]
  [148 158 156]]

 [[ 11  31  25]
  [ 13  33  28]
  [ 18  38  32]
  ..., 
  [ 93 103 101]
  [ 97 106 105]
  [106 116 114]]

 [[  0  20  15]
  [  4  24  18]
  [ 13  33  28]
  ..., 
  [ 55  65  63]
  [ 55  65  63]
  [ 61  70  69]]

 ..., 
 [[131 135 137]
  [130 134 136]
  [128 132 133]
  ..., 
  [ 59  61  61]
  [ 71  74  73]
  [ 83  86  85]]

 [[131 135 137]
  [130 134 136]
  [128 132 133]
  ..., 
  [ 79  81  81]
  [ 80  82  82]
  [ 83  86  85]]

 [[131 135 137]
  [130 134 136]
  [128 132 133]
  ..., 
  [ 79  81  81]
  [ 80  82  82]
  [ 83  86  85]]]