[[[ 16  37  34]
  [ 19  41  38]
  [ 24  45  42]
  ..., 
  [127 131 135]
  [134 139 143]
  [147 152 156]]

 [[ 11  33  28]
  [ 15  37  32]
  [ 17  39  34]
  ..., 
  [ 98 103 107]
  [101 108 112]
  [104 112 115]]

 [[  2  25  17]
  [  4  27  19]
  [ 10  33  25]
  ..., 
  [ 59  66  70]
  [ 59  69  72]
  [ 58  68  71]]

 ..., 
 [[  0 255   2]
  [ 13 239  18]
  [ 39 221  42]
  ..., 
  [ 66  66  67]
  [ 84  84  84]
  [ 94  94  94]]

 [[  0 255   3]
  [  9 241  15]
  [ 43 234  47]
  ..., 
  [ 76  76  76]
  [ 78  78  78]
  [ 83  83  83]]

 [[  0 255   4]
  [ 11 240  16]
  [ 45 232  49]
  ..., 
  [ 76  76  76]
  [ 78  78  78]
  [ 83  83  83]]]