[[[ 16  37  34]
  [ 19  41  38]
  [ 24  45  42]
  ..., 
  [130 134 139]
  [137 142 145]
  [143 149 152]]

 [[ 11  33  28]
  [ 15  37  32]
  [ 17  39  34]
  ..., 
  [102 108 112]
  [104 112 115]
  [103 111 114]]

 [[  2  25  17]
  [  4  27  19]
  [ 10  33  25]
  ..., 
  [ 61  69  72]
  [ 60  70  73]
  [ 59  69  72]]

 ..., 
 [[  0 255   1]
  [ 12 236  15]
  [ 41 221  42]
  ..., 
  [ 66  66  67]
  [ 84  84  84]
  [ 94  94  94]]

 [[  0 255   1]
  [  9 238  13]
  [ 40 228  43]
  ..., 
  [ 76  76  76]
  [ 78  78  78]
  [ 83  83  83]]

 [[  0 255   2]
  [ 11 237  14]
  [ 43 227  45]
  ..., 
  [ 76  76  76]
  [ 78  78  78]
  [ 83  83  83]]]