[[[ 17  38  35]
  [ 20  42  39]
  [ 25  47  44]
  ..., 
  [130 134 139]
  [137 142 145]
  [143 149 152]]

 [[ 11  33  28]
  [ 16  38  33]
  [ 19  41  36]
  ..., 
  [102 108 112]
  [104 112 115]
  [103 111 114]]

 [[  3  26  18]
  [  3  26  18]
  [ 10  33  25]
  ..., 
  [ 61  69  72]
  [ 60  70  73]
  [ 59  69  72]]

 ..., 
 [[  0 255   0]
  [ 14 240  15]
  [ 47 228  45]
  ..., 
  [ 69  69  69]
  [ 84  84  84]
  [ 93  93  93]]

 [[  0 255   0]
  [ 11 243  14]
  [ 35 226  35]
  ..., 
  [ 77  77  77]
  [ 79  79  79]
  [ 83  83  83]]

 [[  0 255   0]
  [ 13 242  15]
  [ 38 224  37]
  ..., 
  [ 77  77  77]
  [ 79  79  79]
  [ 83  83  83]]]