[[[ 18  37  34]
  [ 26  45  42]
  [ 31  50  47]
  ..., 
  [130 134 139]
  [139 144 148]
  [149 154 158]]

 [[ 12  32  27]
  [ 20  40  35]
  [ 26  46  41]
  ..., 
  [104 109 113]
  [105 113 116]
  [107 114 117]]

 [[  6  27  19]
  [  5  26  18]
  [ 12  33  25]
  ..., 
  [ 61  69  72]
  [ 58  68  71]
  [ 60  70  73]]

 ..., 
 [[  0 255   3]
  [ 19 245  21]
  [ 37 221  35]
  ..., 
  [ 75  75  75]
  [ 86  86  86]
  [ 94  94  94]]

 [[  0 255   4]
  [ 14 247  17]
  [ 39 234  37]
  ..., 
  [ 77  77  77]
  [ 78  78  78]
  [ 82  82  82]]

 [[  0 255   4]
  [ 16 246  18]
  [ 42 232  39]
  ..., 
  [ 77  77  77]
  [ 78  78  78]
  [ 82  82  82]]]