[[[ 17  39  35]
  [ 20  42  39]
  [ 22  43  40]
  ..., 
  [125 131 132]
  [136 145 146]
  [144 153 154]]

 [[ 11  33  29]
  [ 12  34  30]
  [ 13  35  32]
  ..., 
  [ 95 102 103]
  [102 112 112]
  [108 117 118]]

 [[  5  27  23]
  [  8  29  26]
  [ 12  34  30]
  ..., 
  [ 56  65  66]
  [ 59  70  70]
  [ 60  71  71]]

 ..., 
 [[  0 255   0]
  [ 21 242  15]
  [ 53 228  39]
  ..., 
  [ 71  71  71]
  [ 85  85  85]
  [ 93  93  93]]

 [[  0 252   0]
  [ 19 245  14]
  [ 44 231  33]
  ..., 
  [ 79  79  80]
  [ 78  78  78]
  [ 79  79  79]]

 [[  0 252   0]
  [ 20 244  15]
  [ 47 229  36]
  ..., 
  [ 79  79  80]
  [ 78  78  78]
  [ 79  79  79]]]