[[[ 20  39  36]
  [ 29  49  46]
  [ 29  49  46]
  ..., 
  [126 132 133]
  [141 150 151]
  [152 162 162]]

 [[ 13  32  29]
  [ 22  42  39]
  [ 22  42  39]
  ..., 
  [ 96 103 104]
  [101 110 111]
  [107 116 117]]

 [[  1  21  18]
  [ 10  29  26]
  [ 11  30  27]
  ..., 
  [ 55  63  65]
  [ 59  70  70]
  [ 58  69  69]]

 ..., 
 [[133 131 136]
  [133 131 136]
  [133 131 136]
  ..., 
  [ 72  72  73]
  [ 89  89  89]
  [ 94  94  94]]

 [[133 131 136]
  [133 131 136]
  [133 131 136]
  ..., 
  [ 79  79  80]
  [ 84  84  84]
  [ 80  80  80]]

 [[133 131 136]
  [133 131 136]
  [133 131 136]
  ..., 
  [ 79  79  80]
  [ 84  84  84]
  [ 80  80  80]]]