[[[ 20  39  36]
  [ 29  49  46]
  [ 29  49  46]
  ..., 
  [129 135 137]
  [139 148 148]
  [152 162 162]]

 [[ 13  32  29]
  [ 22  42  39]
  [ 22  42  39]
  ..., 
  [ 97 104 106]
  [101 110 111]
  [109 119 119]]

 [[  1  21  18]
  [ 10  29  26]
  [ 11  30  27]
  ..., 
  [ 53  62  64]
  [ 59  70  70]
  [ 59  70  70]]

 ..., 
 [[133 131 136]
  [133 131 136]
  [133 131 136]
  ..., 
  [ 72  72  73]
  [ 89  89  89]
  [ 94  94  94]]

 [[133 131 136]
  [133 131 136]
  [133 131 136]
  ..., 
  [ 79  79  80]
  [ 84  84  84]
  [ 80  80  80]]

 [[133 131 136]
  [133 131 136]
  [133 131 136]
  ..., 
  [ 79  79  80]
  [ 84  84  84]
  [ 80  80  80]]]