[[[ 18  41  35]
  [ 27  50  44]
  [ 27  50  44]
  ..., 
  [132 138 139]
  [136 145 146]
  [150 159 160]]

 [[ 11  34  28]
  [ 20  43  37]
  [ 20  43  37]
  ..., 
  [ 97 104 106]
  [101 110 111]
  [112 122 123]]

 [[  0  22  16]
  [  8  30  24]
  [  9  31  25]
  ..., 
  [ 53  62  64]
  [ 59  70  70]
  [ 63  73  74]]

 ..., 
 [[133 132 134]
  [133 132 134]
  [133 132 134]
  ..., 
  [ 77  77  77]
  [ 92  92  92]
  [ 96  96  96]]

 [[133 132 134]
  [133 132 134]
  [133 132 134]
  ..., 
  [ 77  77  77]
  [ 80  80  80]
  [ 78  78  78]]

 [[133 132 134]
  [133 132 134]
  [133 132 134]
  ..., 
  [ 77  77  77]
  [ 80  80  80]
  [ 78  78  78]]]