[[[ 17  39  33]
  [ 22  44  38]
  [ 27  50  44]
  ..., 
  [128 134 136]
  [140 149 150]
  [151 160 161]]

 [[ 10  32  26]
  [ 15  37  31]
  [ 22  44  38]
  ..., 
  [ 97 104 106]
  [101 110 111]
  [109 119 119]]

 [[  0  20  14]
  [  4  27  21]
  [ 11  34  28]
  ..., 
  [ 56  65  66]
  [ 58  69  69]
  [ 60  71  71]]

 ..., 
 [[134 133 136]
  [134 133 136]
  [134 133 136]
  ..., 
  [ 69  69  69]
  [ 83  83  83]
  [ 94  94  94]]

 [[133 132 134]
  [133 132 134]
  [133 132 134]
  ..., 
  [ 78  78  78]
  [ 79  79  79]
  [ 83  83  83]]

 [[133 132 134]
  [133 132 134]
  [133 132 134]
  ..., 
  [ 78  78  78]
  [ 79  79  79]
  [ 83  83  83]]]