[[[ 18  38  32]
  [ 22  42  37]
  [ 25  45  39]
  ..., 
  [123 133 132]
  [133 143 141]
  [143 153 151]]

 [[  8  29  23]
  [ 12  32  26]
  [ 17  37  31]
  ..., 
  [ 94 104 103]
  [103 112 111]
  [106 116 114]]

 [[  0  20  15]
  [  4  24  18]
  [ 12  32  26]
  ..., 
  [ 56  66  64]
  [ 56  66  64]
  [ 55  65  63]]

 ..., 
 [[131 134 138]
  [130 133 137]
  [128 131 135]
  ..., 
  [ 68  69  69]
  [ 80  82  82]
  [ 91  94  93]]

 [[131 134 138]
  [130 133 137]
  [128 131 135]
  ..., 
  [ 78  79  79]
  [ 80  82  82]
  [ 82  84  84]]

 [[131 134 138]
  [130 133 137]
  [128 131 135]
  ..., 
  [ 78  79  79]
  [ 80  82  82]
  [ 82  84  84]]]