[[[ 16  38  32]
  [ 23  45  39]
  [ 22  44  38]
  ..., 
  [128 134 135]
  [135 144 145]
  [150 159 160]]

 [[  9  31  25]
  [ 16  38  32]
  [ 18  41  35]
  ..., 
  [100 108 109]
  [101 110 111]
  [114 123 124]]

 [[  1  23  17]
  [  2  24  18]
  [ 10  32  26]
  ..., 
  [ 60  69  71]
  [ 59  70  70]
  [ 63  73  74]]

 ..., 
 [[132 134 136]
  [132 134 136]
  [132 134 136]
  ..., 
  [ 71  71  71]
  [ 84  84  84]
  [ 87  87  87]]

 [[131 132 134]
  [131 132 134]
  [131 132 134]
  ..., 
  [ 79  79  80]
  [ 80  80  80]
  [ 84  84  84]]

 [[131 132 134]
  [131 132 134]
  [131 132 134]
  ..., 
  [ 79  79  80]
  [ 80  80  80]
  [ 84  84  84]]]