[[[ 15  37  31]
  [ 23  45  39]
  [ 22  44  38]
  ..., 
  [127 133 134]
  [140 149 150]
  [150 159 160]]

 [[  9  31  25]
  [ 13  36  30]
  [ 17  39  33]
  ..., 
  [ 97 104 105]
  [102 112 112]
  [112 122 123]]

 [[  2  24  18]
  [  1  23  17]
  [  9  31  25]
  ..., 
  [ 59  68  70]
  [ 58  69  69]
  [ 58  69  69]]

 ..., 
 [[133 135 137]
  [133 135 137]
  [133 135 137]
  ..., 
  [ 72  72  72]
  [ 82  82  82]
  [ 83  83  83]]

 [[132 134 136]
  [132 134 136]
  [132 134 136]
  ..., 
  [ 80  80  81]
  [ 80  80  80]
  [ 79  79  79]]

 [[132 134 136]
  [132 134 136]
  [132 134 136]
  ..., 
  [ 80  80  81]
  [ 80  80  80]
  [ 79  79  79]]]