[[[ 14  39  32]
  [ 21  46  39]
  [ 20  44  38]
  ..., 
  [128 134 135]
  [141 150 151]
  [148 157 158]]

 [[  6  30  24]
  [ 10  35  29]
  [ 16  41  35]
  ..., 
  [ 93 101 102]
  [102 112 112]
  [110 120 120]]

 [[  1  26  19]
  [  0  25  18]
  [  6  30  24]
  ..., 
  [ 55  64  65]
  [ 57  68  68]
  [ 57  68  68]]

 ..., 
 [[133 135 137]
  [133 135 137]
  [133 135 137]
  ..., 
  [ 79  79  79]
  [ 86  86  86]
  [ 90  90  90]]

 [[134 136 138]
  [134 136 138]
  [134 136 138]
  ..., 
  [ 80  80  81]
  [ 78  78  78]
  [ 78  78  78]]

 [[134 136 138]
  [134 136 138]
  [134 136 138]
  ..., 
  [ 80  80  81]
  [ 78  78  78]
  [ 78  78  78]]]