[[[ 17  39  33]
  [ 22  44  38]
  [ 24  46  40]
  ..., 
  [128 134 135]
  [141 150 151]
  [148 157 158]]

 [[  6  29  23]
  [ 13  36  30]
  [ 18  41  35]
  ..., 
  [ 93 101 102]
  [102 112 112]
  [110 120 120]]

 [[  2  24  18]
  [  4  27  21]
  [  5  28  22]
  ..., 
  [ 55  64  65]
  [ 57  68  68]
  [ 57  68  68]]

 ..., 
 [[133 135 137]
  [133 135 137]
  [133 135 137]
  ..., 
  [ 81  82  82]
  [ 89  89  89]
  [ 92  92  92]]

 [[134 136 138]
  [134 136 138]
  [134 136 138]
  ..., 
  [ 79  79  79]
  [ 77  77  77]
  [ 77  77  77]]

 [[134 136 138]
  [134 136 138]
  [134 136 138]
  ..., 
  [ 79  79  79]
  [ 77  77  77]
  [ 77  77  77]]]