[[[ 19  41  37]
  [ 24  46  42]
  [ 24  46  42]
  ..., 
  [126 132 133]
  [140 149 150]
  [147 156 157]]

 [[ 10  32  28]
  [ 17  39  35]
  [ 19  41  37]
  ..., 
  [ 96 103 104]
  [104 114 115]
  [109 119 119]]

 [[  0  21  18]
  [  5  27  23]
  [  6  28  25]
  ..., 
  [ 60  69  71]
  [ 59  70  70]
  [ 53  64  64]]

 ..., 
 [[133 135 137]
  [133 135 137]
  [132 134 136]
  ..., 
  [ 76  76  76]
  [ 87  87  87]
  [ 86  86  86]]

 [[134 136 138]
  [134 136 138]
  [132 134 136]
  ..., 
  [ 83  83  83]
  [ 82  82  82]
  [ 78  78  78]]

 [[134 136 138]
  [134 136 138]
  [132 134 136]
  ..., 
  [ 83  83  83]
  [ 82  82  82]
  [ 78  78  78]]]