[[[ 16  37  34]
  [ 24  46  42]
  [ 25  47  43]
  ..., 
  [125 131 132]
  [138 146 147]
  [147 156 157]]

 [[  9  30  27]
  [ 15  36  33]
  [ 17  39  35]
  ..., 
  [ 97 104 106]
  [103 113 113]
  [105 115 116]]

 [[  1  22  19]
  [  5  27  23]
  [  9  30  27]
  ..., 
  [ 59  68  70]
  [ 60  71  72]
  [ 57  68  68]]

 ..., 
 [[133 135 137]
  [133 135 137]
  [132 134 136]
  ..., 
  [ 71  71  71]
  [ 83  83  83]
  [ 85  85  85]]

 [[134 136 138]
  [134 136 138]
  [132 134 136]
  ..., 
  [ 78  78  78]
  [ 79  79  79]
  [ 77  77  77]]

 [[134 136 138]
  [134 136 138]
  [132 134 136]
  ..., 
  [ 78  78  78]
  [ 79  79  79]
  [ 77  77  77]]]