[[[ 17  39  35]
  [ 26  48  44]
  [ 27  49  46]
  ..., 
  [126 132 133]
  [134 143 144]
  [144 153 154]]

 [[ 11  33  29]
  [ 17  39  35]
  [ 18  40  36]
  ..., 
  [ 97 104 106]
  [102 112 112]
  [108 117 118]]

 [[  3  25  21]
  [  6  28  25]
  [ 10  32  28]
  ..., 
  [ 62  70  72]
  [ 60  71  72]
  [ 60  71  71]]

 ..., 
 [[133 135 137]
  [133 135 137]
  [131 132 134]
  ..., 
  [ 65  65  66]
  [ 82  82  82]
  [ 90  90  90]]

 [[134 136 138]
  [133 135 137]
  [131 132 134]
  ..., 
  [ 77  77  77]
  [ 82  82  82]
  [ 84  84  84]]

 [[134 136 138]
  [133 135 137]
  [131 132 134]
  ..., 
  [ 77  77  77]
  [ 82  82  82]
  [ 84  84  84]]]