[[[ 19  39  33]
  [ 27  47  42]
  [ 29  49  44]
  ..., 
  [126 132 133]
  [135 144 145]
  [149 158 159]]

 [[ 13  33  28]
  [ 18  38  32]
  [ 20  40  35]
  ..., 
  [ 96 103 104]
  [106 115 116]
  [110 120 120]]

 [[  6  26  21]
  [  7  27  22]
  [ 13  33  28]
  ..., 
  [ 60  69  71]
  [ 63  73  74]
  [ 59  70  70]]

 ..., 
 [[134 136 138]
  [135 137 139]
  [134 136 138]
  ..., 
  [ 71  71  71]
  [ 86  86  86]
  [ 96  96  96]]

 [[135 137 139]
  [138 139 141]
  [135 137 139]
  ..., 
  [ 78  78  78]
  [ 77  77  77]
  [ 80  80  80]]

 [[135 137 139]
  [138 139 141]
  [135 137 139]
  ..., 
  [ 78  78  78]
  [ 77  77  77]
  [ 80  80  80]]]