[[[ 19  36  31]
  [ 23  41  36]
  [ 27  44  39]
  ..., 
  [131 131 133]
  [144 145 147]
  [152 153 155]]

 [[ 13  30  25]
  [ 17  35  30]
  [ 21  39  33]
  ..., 
  [ 99 102 104]
  [108 112 113]
  [110 114 116]]

 [[  7  25  19]
  [  9  27  22]
  [ 14  32  26]
  ..., 
  [ 61  68  69]
  [ 62  69  70]
  [ 59  67  68]]

 ..., 
 [[133 137 139]
  [133 137 139]
  [133 137 139]
  ..., 
  [ 69  69  69]
  [ 83  83  83]
  [ 90  90  90]]

 [[133 137 139]
  [133 137 139]
  [133 137 139]
  ..., 
  [ 73  73  74]
  [ 76  76  76]
  [ 78  78  78]]

 [[133 137 139]
  [133 137 139]
  [133 137 139]
  ..., 
  [ 73  73  74]
  [ 76  76  76]
  [ 78  78  78]]]