[[[ 17  37  31]
  [ 21  41  36]
  [ 25  45  39]
  ..., 
  [133 132 135]
  [145 146 148]
  [153 154 157]]

 [[ 11  31  25]
  [ 15  35  30]
  [ 19  39  33]
  ..., 
  [100 102 104]
  [108 112 113]
  [110 114 116]]

 [[  5  25  19]
  [  7  27  22]
  [ 12  32  26]
  ..., 
  [ 61  68  69]
  [ 62  69  70]
  [ 59  67  68]]

 ..., 
 [[135 137 139]
  [135 137 139]
  [135 137 139]
  ..., 
  [ 64  64  64]
  [ 78  78  78]
  [ 84  84  84]]

 [[135 137 139]
  [135 137 139]
  [135 137 139]
  ..., 
  [ 78  78  78]
  [ 80  80  80]
  [ 80  80  80]]

 [[135 137 139]
  [135 137 139]
  [135 137 139]
  ..., 
  [ 78  78  78]
  [ 80  80  80]
  [ 80  80  80]]]