[[[ 18  38  32]
  [ 22  42  37]
  [ 26  46  40]
  ..., 
  [134 133 136]
  [145 146 148]
  [154 156 158]]

 [[ 12  32  26]
  [ 17  37  31]
  [ 20  40  35]
  ..., 
  [100 102 104]
  [107 111 112]
  [112 117 118]]

 [[  6  26  21]
  [  8  29  23]
  [ 13  33  28]
  ..., 
  [ 62  69  71]
  [ 62  69  70]
  [ 61  68  69]]

 ..., 
 [[135 137 139]
  [135 137 139]
  [135 137 139]
  ..., 
  [ 69  69  69]
  [ 83  83  83]
  [ 89  89  89]]

 [[135 137 139]
  [135 137 139]
  [135 137 139]
  ..., 
  [ 80  80  81]
  [ 83  83  83]
  [ 83  83  83]]

 [[135 137 139]
  [135 137 139]
  [135 137 139]
  ..., 
  [ 80  80  81]
  [ 83  83  83]
  [ 83  83  83]]]