[[[ 18  38  32]
  [ 22  42  37]
  [ 26  46  40]
  ..., 
  [134 133 136]
  [144 145 147]
  [156 157 159]]

 [[ 12  32  26]
  [ 17  37  31]
  [ 20  40  35]
  ..., 
  [100 102 104]
  [106 110 111]
  [114 118 119]]

 [[  6  26  21]
  [  8  29  23]
  [ 13  33  28]
  ..., 
  [ 63  70  72]
  [ 62  69  70]
  [ 63  71  72]]

 ..., 
 [[133 137 139]
  [133 137 139]
  [133 137 139]
  ..., 
  [ 73  73  74]
  [ 87  87  87]
  [ 93  93  93]]

 [[133 137 139]
  [133 137 139]
  [133 137 139]
  ..., 
  [ 79  79  80]
  [ 82  82  82]
  [ 82  82  82]]

 [[133 137 139]
  [133 137 139]
  [133 137 139]
  ..., 
  [ 79  79  80]
  [ 82  82  82]
  [ 82  82  82]]]