[[[ 20  37  32]
  [ 24  42  37]
  [ 23  41  36]
  ..., 
  [133 132 134]
  [143 144 146]
  [154 156 158]]

 [[ 13  30  25]
  [ 19  36  31]
  [ 19  36  31]
  ..., 
  [100 102 104]
  [106 110 111]
  [114 118 119]]

 [[  6  23  18]
  [  9  27  22]
  [ 13  30  25]
  ..., 
  [ 62  69  70]
  [ 61  68  69]
  [ 62  69  70]]

 ..., 
 [[131 135 137]
  [131 135 137]
  [131 135 137]
  ..., 
  [ 68  68  68]
  [ 82  82  82]
  [ 90  90  90]]

 [[131 135 137]
  [131 135 137]
  [131 135 137]
  ..., 
  [ 79  79  80]
  [ 82  82  82]
  [ 78  78  78]]

 [[131 135 137]
  [131 135 137]
  [131 135 137]
  ..., 
  [ 79  79  80]
  [ 82  82  82]
  [ 78  78  78]]]