[[[ 22  42  37]
  [ 25  45  39]
  [ 25  45  39]
  ..., 
  [133 135 137]
  [144 148 150]
  [154 157 159]]

 [[ 12  32  26]
  [ 18  38  32]
  [ 19  39  33]
  ..., 
  [ 97 103 104]
  [107 113 115]
  [114 120 122]]

 [[  1  22  16]
  [  7  27  22]
  [  8  29  23]
  ..., 
  [ 55  65  66]
  [ 55  65  66]
  [ 54  64  65]]

 ..., 
 [[131 135 137]
  [131 135 137]
  [130 134 136]
  ..., 
  [ 71  71  71]
  [ 85  85  85]
  [ 84  84  84]]

 [[131 135 137]
  [131 135 137]
  [130 134 136]
  ..., 
  [ 77  77  77]
  [ 79  79  79]
  [ 76  76  76]]

 [[131 135 137]
  [131 135 137]
  [130 134 136]
  ..., 
  [ 77  77  77]
  [ 79  79  79]
  [ 76  76  76]]]