[[[ 22  42  37]
  [ 24  44  38]
  [ 26  46  40]
  ..., 
  [135 134 137]
  [146 147 150]
  [153 154 157]]

 [[ 11  31  25]
  [ 14  34  29]
  [ 18  38  32]
  ..., 
  [100 102 104]
  [109 113 115]
  [115 119 120]]

 [[  3  23  17]
  [  6  26  21]
  [  8  29  23]
  ..., 
  [ 57  65  66]
  [ 57  65  66]
  [ 57  65  66]]

 ..., 
 [[131 134 138]
  [131 134 138]
  [130 133 137]
  ..., 
  [ 64  64  64]
  [ 79  79  79]
  [ 83  83  83]]

 [[131 134 138]
  [131 134 138]
  [130 133 137]
  ..., 
  [ 79  79  80]
  [ 84  84  84]
  [ 83  83  83]]

 [[131 134 138]
  [131 134 138]
  [130 133 137]
  ..., 
  [ 79  79  80]
  [ 84  84  84]
  [ 83  83  83]]]