[[[ 23  42  34]
  [ 22  41  33]
  [ 27  45  38]
  ..., 
  [133 132 134]
  [143 144 146]
  [150 151 153]]

 [[  9  28  20]
  [ 14  32  25]
  [ 19  37  30]
  ..., 
  [ 98 101 103]
  [108 112 113]
  [112 117 118]]

 [[  5  23  16]
  [  7  25  18]
  [ 12  30  23]
  ..., 
  [ 59  66  67]
  [ 58  66  67]
  [ 59  67  68]]

 ..., 
 [[131 134 138]
  [131 134 138]
  [131 134 138]
  ..., 
  [ 64  64  64]
  [ 79  79  79]
  [ 83  83  83]]

 [[131 134 138]
  [132 135 140]
  [132 135 140]
  ..., 
  [ 79  79  80]
  [ 84  84  84]
  [ 83  83  83]]

 [[131 134 138]
  [132 135 140]
  [132 135 140]
  ..., 
  [ 79  79  80]
  [ 84  84  84]
  [ 83  83  83]]]