[[[ 23  41  36]
  [ 22  40  35]
  [ 28  46  40]
  ..., 
  [133 132 134]
  [143 144 146]
  [150 151 153]]

 [[ 13  30  25]
  [ 15  33  28]
  [ 23  41  36]
  ..., 
  [ 98 101 103]
  [108 112 113]
  [112 117 118]]

 [[  5  22  17]
  [  8  26  21]
  [ 16  34  29]
  ..., 
  [ 59  66  67]
  [ 58  66  67]
  [ 59  67  68]]

 ..., 
 [[132 135 140]
  [131 134 138]
  [129 132 136]
  ..., 
  [ 62  62  62]
  [ 78  78  78]
  [ 85  85  85]]

 [[132 135 140]
  [132 135 140]
  [130 133 137]
  ..., 
  [ 76  76  76]
  [ 83  83  83]
  [ 85  85  85]]

 [[132 135 140]
  [132 135 140]
  [130 133 137]
  ..., 
  [ 76  76  76]
  [ 83  83  83]
  [ 85  85  85]]]