[[[ 23  41  36]
  [ 23  41  36]
  [ 28  46  40]
  ..., 
  [133 132 134]
  [142 143 145]
  [150 151 153]]

 [[ 13  30  25]
  [ 16  34  29]
  [ 21  39  33]
  ..., 
  [ 98 101 103]
  [103 107 109]
  [109 113 115]]

 [[  6  23  18]
  [  7  25  19]
  [ 15  33  28]
  ..., 
  [ 56  63  65]
  [ 57  65  66]
  [ 61  68  69]]

 ..., 
 [[130 133 137]
  [130 133 137]
  [129 132 136]
  ..., 
  [ 66  66  67]
  [ 86  86  86]
  [ 94  94  94]]

 [[130 133 137]
  [131 134 138]
  [130 133 137]
  ..., 
  [ 75  74  75]
  [ 80  80  80]
  [ 82  82  82]]

 [[130 133 137]
  [131 134 138]
  [130 133 137]
  ..., 
  [ 75  74  75]
  [ 80  80  80]
  [ 82  82  82]]]