[[[ 22  40  35]
  [ 23  41  36]
  [ 27  44  39]
  ..., 
  [133 132 134]
  [142 143 145]
  [150 151 153]]

 [[ 15  33  28]
  [ 16  34  29]
  [ 22  40  35]
  ..., 
  [ 98 101 103]
  [103 107 109]
  [109 113 115]]

 [[  7  25  19]
  [  6  23  18]
  [ 15  33  28]
  ..., 
  [ 56  63  65]
  [ 57  65  66]
  [ 61  68  69]]

 ..., 
 [[130 133 137]
  [130 133 137]
  [129 132 136]
  ..., 
  [ 69  69  69]
  [ 80  80  80]
  [ 90  90  90]]

 [[130 133 137]
  [131 134 138]
  [130 133 137]
  ..., 
  [ 75  74  75]
  [ 77  77  77]
  [ 83  83  83]]

 [[130 133 137]
  [131 134 138]
  [130 133 137]
  ..., 
  [ 75  74  75]
  [ 77  77  77]
  [ 83  83  83]]]