[[[ 18  38  32]
  [ 20  40  35]
  [ 25  45  39]
  ..., 
  [133 132 134]
  [142 143 145]
  [150 151 153]]

 [[ 13  33  28]
  [ 14  34  29]
  [ 21  41  36]
  ..., 
  [ 98 101 103]
  [103 107 109]
  [109 113 115]]

 [[  4  24  18]
  [  3  23  17]
  [ 13  33  28]
  ..., 
  [ 56  63  65]
  [ 57  65  66]
  [ 61  68  69]]

 ..., 
 [[130 133 137]
  [130 133 137]
  [129 132 136]
  ..., 
  [ 69  69  69]
  [ 80  80  80]
  [ 90  90  90]]

 [[130 133 137]
  [131 134 138]
  [130 133 137]
  ..., 
  [ 75  74  75]
  [ 77  77  77]
  [ 83  83  83]]

 [[130 133 137]
  [131 134 138]
  [130 133 137]
  ..., 
  [ 75  74  75]
  [ 77  77  77]
  [ 83  83  83]]]