[[[ 20  37  32]
  [ 22  40  35]
  [ 27  44  39]
  ..., 
  [134 133 136]
  [139 140 143]
  [151 152 154]]

 [[ 15  33  28]
  [ 16  34  29]
  [ 23  41  36]
  ..., 
  [101 103 105]
  [103 107 109]
  [110 114 116]]

 [[  6  23  18]
  [  5  22  17]
  [ 15  33  28]
  ..., 
  [ 54  61  62]
  [ 57  65  66]
  [ 59  67  68]]

 ..., 
 [[130 133 137]
  [130 133 137]
  [129 132 136]
  ..., 
  [ 68  68  68]
  [ 78  78  78]
  [ 90  90  90]]

 [[130 133 137]
  [131 134 138]
  [130 133 137]
  ..., 
  [ 75  74  75]
  [ 77  77  77]
  [ 84  84  84]]

 [[130 133 137]
  [131 134 138]
  [130 133 137]
  ..., 
  [ 75  74  75]
  [ 77  77  77]
  [ 84  84  84]]]