[[[ 20  40  35]
  [ 20  40  35]
  [ 26  46  40]
  ..., 
  [133 137 132]
  [137 142 139]
  [150 155 152]]

 [[ 13  33  28]
  [ 19  39  33]
  [ 20  40  35]
  ..., 
  [ 97 105  99]
  [100 108 104]
  [108 116 113]]

 [[  3  23  17]
  [  8  29  23]
  [  8  29  23]
  ..., 
  [ 59  71  65]
  [ 55  67  62]
  [ 56  68  63]]

 ..., 
 [[130 133 137]
  [130 133 137]
  [129 132 136]
  ..., 
  [ 69  69  69]
  [ 80  80  80]
  [ 90  90  90]]

 [[129 132 136]
  [130 133 137]
  [129 132 136]
  ..., 
  [ 78  78  78]
  [ 79  79  79]
  [ 83  83  83]]

 [[129 132 136]
  [130 133 137]
  [129 132 136]
  ..., 
  [ 78  78  78]
  [ 79  79  79]
  [ 83  83  83]]]