[[[ 20  40  35]
  [ 20  40  35]
  [ 26  46  40]
  ..., 
  [132 136 130]
  [142 147 144]
  [151 156 154]]

 [[ 13  33  28]
  [ 19  39  33]
  [ 20  40  35]
  ..., 
  [ 96 104  98]
  [102 110 107]
  [108 116 113]]

 [[  3  23  17]
  [  8  29  23]
  [  8  29  23]
  ..., 
  [ 56  68  63]
  [ 53  65  60]
  [ 53  65  60]]

 ..., 
 [[129 132 136]
  [129 132 136]
  [128 131 135]
  ..., 
  [ 66  66  67]
  [ 80  80  80]
  [ 93  93  93]]

 [[128 131 135]
  [129 132 136]
  [128 131 135]
  ..., 
  [ 77  77  77]
  [ 78  78  78]
  [ 84  84  84]]

 [[128 131 135]
  [129 132 136]
  [128 131 135]
  ..., 
  [ 77  77  77]
  [ 78  78  78]
  [ 84  84  84]]]