[[[ 18  38  32]
  [ 19  39  33]
  [ 28  48  43]
  ..., 
  [132 136 130]
  [142 147 144]
  [151 156 154]]

 [[ 12  32  26]
  [ 19  39  33]
  [ 22  42  37]
  ..., 
  [ 96 104  98]
  [102 110 107]
  [108 116 113]]

 [[  1  22  16]
  [  8  29  23]
  [ 11  31  25]
  ..., 
  [ 56  68  63]
  [ 53  65  60]
  [ 53  65  60]]

 ..., 
 [[129 132 136]
  [129 132 136]
  [128 131 135]
  ..., 
  [ 65  65  66]
  [ 79  79  79]
  [ 90  90  90]]

 [[128 131 135]
  [129 132 136]
  [128 131 135]
  ..., 
  [ 78  78  78]
  [ 80  80  80]
  [ 84  84  84]]

 [[128 131 135]
  [129 132 136]
  [128 131 135]
  ..., 
  [ 78  78  78]
  [ 80  80  80]
  [ 84  84  84]]]