[[[ 18  37  34]
  [ 22  42  39]
  [ 24  43  40]
  ..., 
  [125 134 133]
  [132 141 140]
  [135 145 143]]

 [[ 10  29  26]
  [ 17  36  33]
  [ 19  38  35]
  ..., 
  [ 93 103 101]
  [103 112 111]
  [105 115 113]]

 [[  1  21  18]
  [ 11  30  27]
  [ 17  36  33]
  ..., 
  [ 59  68  66]
  [ 58  68  66]
  [ 61  70  69]]

 ..., 
 [[131 135 137]
  [130 134 136]
  [128 132 133]
  ..., 
  [ 65  67  67]
  [ 78  81  80]
  [ 85  88  87]]

 [[131 135 137]
  [130 134 136]
  [128 132 133]
  ..., 
  [ 76  77  77]
  [ 80  82  82]
  [ 78  81  80]]

 [[131 135 137]
  [130 134 136]
  [128 132 133]
  ..., 
  [ 76  77  77]
  [ 80  82  82]
  [ 78  81  80]]]