[[[ 22  39  36]
  [ 26  42  40]
  [ 27  44  41]
  ..., 
  [114 125 125]
  [125 136 137]
  [139 150 151]]

 [[ 15  32  29]
  [ 20  37  34]
  [ 21  38  35]
  ..., 
  [ 90 101 102]
  [ 97 108 109]
  [102 114 115]]

 [[  3  20  18]
  [  9  26  23]
  [ 13  30  27]
  ..., 
  [ 60  72  73]
  [ 55  68  68]
  [ 51  64  64]]

 ..., 
 [[130 133 137]
  [130 133 137]
  [130 133 137]
  ..., 
  [ 61  61  61]
  [ 76  76  76]
  [ 89  89  89]]

 [[130 133 137]
  [130 133 137]
  [130 133 137]
  ..., 
  [ 77  77  77]
  [ 79  79  79]
  [ 80  80  80]]

 [[130 133 137]
  [130 133 137]
  [130 133 137]
  ..., 
  [ 77  77  77]
  [ 79  79  79]
  [ 80  80  80]]]