[[[ 22  40  35]
  [ 26  43  38]
  [ 27  44  39]
  ..., 
  [120 130 131]
  [132 143 144]
  [151 162 162]]

 [[ 15  33  28]
  [ 20  37  32]
  [ 21  39  33]
  ..., 
  [ 88  99 100]
  [ 95 107 108]
  [107 119 119]]

 [[  3  21  16]
  [  9  27  22]
  [ 13  30  25]
  ..., 
  [ 50  62  63]
  [ 49  62  62]
  [ 51  64  64]]

 ..., 
 [[130 134 136]
  [129 133 134]
  [128 132 133]
  ..., 
  [ 64  64  64]
  [ 79  79  79]
  [ 90  90  90]]

 [[131 135 137]
  [130 134 136]
  [128 132 133]
  ..., 
  [ 79  79  79]
  [ 82  82  82]
  [ 82  82  82]]

 [[131 135 137]
  [130 134 136]
  [128 132 133]
  ..., 
  [ 79  79  79]
  [ 82  82  82]
  [ 82  82  82]]]