[[[ 23  41  36]
  [ 27  44  39]
  [ 28  46  40]
  ..., 
  [121 131 132]
  [131 142 143]
  [152 163 164]]

 [[ 16  34  29]
  [ 21  39  33]
  [ 22  40  35]
  ..., 
  [ 90 101 102]
  [ 94 106 106]
  [106 118 118]]

 [[  5  22  17]
  [ 10  28  23]
  [ 14  32  26]
  ..., 
  [ 51  63  64]
  [ 49  62  62]
  [ 50  63  63]]

 ..., 
 [[130 134 136]
  [129 133 134]
  [128 132 133]
  ..., 
  [ 68  68  68]
  [ 78  78  78]
  [ 90  90  90]]

 [[131 135 137]
  [130 134 136]
  [128 132 133]
  ..., 
  [ 81  82  82]
  [ 80  80  80]
  [ 84  84  84]]

 [[131 135 137]
  [130 134 136]
  [128 132 133]
  ..., 
  [ 81  82  82]
  [ 80  80  80]
  [ 84  84  84]]]