[[[ 23  41  36]
  [ 28  46  40]
  [ 29  47  42]
  ..., 
  [122 133 133]
  [132 143 144]
  [152 163 164]]

 [[ 16  34  29]
  [ 21  39  33]
  [ 23  41  36]
  ..., 
  [ 91 102 103]
  [ 95 107 108]
  [106 118 118]]

 [[  5  22  17]
  [  9  27  22]
  [ 15  33  28]
  ..., 
  [ 52  64  65]
  [ 50  63  63]
  [ 50  63  63]]

 ..., 
 [[130 134 136]
  [129 133 134]
  [128 132 133]
  ..., 
  [ 69  69  69]
  [ 80  80  80]
  [ 92  92  92]]

 [[131 135 137]
  [130 134 136]
  [128 132 133]
  ..., 
  [ 81  82  82]
  [ 80  80  80]
  [ 85  85  85]]

 [[131 135 137]
  [130 134 136]
  [128 132 133]
  ..., 
  [ 81  82  82]
  [ 80  80  80]
  [ 85  85  85]]]