[[[ 22  40  35]
  [ 28  46  40]
  [ 29  47  42]
  ..., 
  [123 134 134]
  [133 144 145]
  [151 162 162]]

 [[ 15  33  28]
  [ 21  39  33]
  [ 23  41  36]
  ..., 
  [ 94 105 106]
  [ 98 110 110]
  [107 119 119]]

 [[  5  22  17]
  [  8  26  21]
  [ 15  33  28]
  ..., 
  [ 54  66  68]
  [ 53  66  66]
  [ 51  64  64]]

 ..., 
 [[130 134 136]
  [129 133 134]
  [128 132 133]
  ..., 
  [ 70  70  70]
  [ 83  83  83]
  [ 94  94  94]]

 [[131 135 137]
  [130 134 136]
  [128 132 133]
  ..., 
  [ 81  82  82]
  [ 80  80  80]
  [ 86  86  86]]

 [[131 135 137]
  [130 134 136]
  [128 132 133]
  ..., 
  [ 81  82  82]
  [ 80  80  80]
  [ 86  86  86]]]