[[[ 22  40  35]
  [ 28  46  40]
  [ 29  47  42]
  ..., 
  [123 134 134]
  [133 144 145]
  [149 161 161]]

 [[ 15  33  28]
  [ 21  39  33]
  [ 23  41  36]
  ..., 
  [ 95 106 107]
  [ 99 111 111]
  [107 119 119]]

 [[  5  22  17]
  [  8  26  21]
  [ 15  33  28]
  ..., 
  [ 56  67  69]
  [ 54  67  67]
  [ 51  64  64]]

 ..., 
 [[130 134 136]
  [129 133 134]
  [128 132 133]
  ..., 
  [ 69  69  69]
  [ 84  84  84]
  [ 94  94  94]]

 [[131 135 137]
  [130 134 136]
  [128 132 133]
  ..., 
  [ 79  79  79]
  [ 82  82  82]
  [ 85  85  85]]

 [[131 135 137]
  [130 134 136]
  [128 132 133]
  ..., 
  [ 79  79  79]
  [ 82  82  82]
  [ 85  85  85]]]