[[[ 17  37  31]
  [ 22  42  37]
  [ 24  44  38]
  ..., 
  [123 133 132]
  [133 143 141]
  [138 147 146]]

 [[ 10  30  24]
  [ 14  34  29]
  [ 20  40  35]
  ..., 
  [ 92 102 100]
  [104 113 112]
  [105 115 113]]

 [[  4  24  18]
  [  5  25  19]
  [ 12  32  26]
  ..., 
  [ 57  67  65]
  [ 60  69  68]
  [ 58  68  66]]

 ..., 
 [[129 136 137]
  [128 134 136]
  [126 132 133]
  ..., 
  [ 64  65  66]
  [ 77  80  79]
  [ 86  89  89]]

 [[129 136 137]
  [128 134 136]
  [126 132 133]
  ..., 
  [ 75  76  76]
  [ 78  81  80]
  [ 79  82  82]]

 [[129 136 137]
  [128 134 136]
  [126 132 133]
  ..., 
  [ 75  76  76]
  [ 78  81  80]
  [ 79  82  82]]]