[[[ 22  39  36]
  [ 28  45  42]
  [ 29  46  43]
  ..., 
  [125 135 135]
  [133 144 145]
  [147 158 159]]

 [[ 15  32  29]
  [ 21  38  35]
  [ 23  40  37]
  ..., 
  [ 95 106 107]
  [100 112 112]
  [107 119 119]]

 [[  5  21  19]
  [  8  25  22]
  [ 15  32  29]
  ..., 
  [ 58  70  71]
  [ 56  69  69]
  [ 54  67  67]]

 ..., 
 [[130 134 136]
  [129 133 134]
  [128 132 133]
  ..., 
  [ 69  69  69]
  [ 84  84  84]
  [ 94  94  94]]

 [[131 135 137]
  [130 134 136]
  [128 132 133]
  ..., 
  [ 78  78  78]
  [ 80  80  80]
  [ 84  84  84]]

 [[131 135 137]
  [130 134 136]
  [128 132 133]
  ..., 
  [ 78  78  78]
  [ 80  80  80]
  [ 84  84  84]]]