[[[ 20  37  34]
  [ 27  44  41]
  [ 28  45  42]
  ..., 
  [126 136 137]
  [131 142 143]
  [144 155 155]]

 [[ 14  31  28]
  [ 19  35  33]
  [ 21  38  35]
  ..., 
  [ 97 108 109]
  [ 99 111 111]
  [105 117 117]]

 [[  3  20  18]
  [  6  23  20]
  [ 13  30  27]
  ..., 
  [ 60  72  73]
  [ 55  68  68]
  [ 51  64  64]]

 ..., 
 [[130 134 136]
  [129 133 134]
  [128 132 133]
  ..., 
  [ 73  73  74]
  [ 89  89  89]
  [ 98  98  98]]

 [[131 135 137]
  [130 134 136]
  [128 132 133]
  ..., 
  [ 79  79  79]
  [ 82  82  82]
  [ 80  80  80]]

 [[131 135 137]
  [130 134 136]
  [128 132 133]
  ..., 
  [ 79  79  79]
  [ 82  82  82]
  [ 80  80  80]]]