[[[ 17  35  30]
  [ 26  43  38]
  [ 31  49  44]
  ..., 
  [125 135 135]
  [132 143 144]
  [144 155 155]]

 [[ 14  32  26]
  [ 16  34  29]
  [ 20  37  32]
  ..., 
  [ 96 107 108]
  [100 112 112]
  [105 117 117]]

 [[  5  22  17]
  [  6  23  18]
  [ 13  30  25]
  ..., 
  [ 59  71  72]
  [ 56  69  69]
  [ 51  64  64]]

 ..., 
 [[130 134 136]
  [130 134 136]
  [128 132 133]
  ..., 
  [ 75  75  75]
  [ 90  90  90]
  [ 97  97  97]]

 [[131 135 137]
  [131 135 137]
  [129 133 134]
  ..., 
  [ 78  78  78]
  [ 80  80  80]
  [ 82  82  82]]

 [[131 135 137]
  [131 135 137]
  [129 133 134]
  ..., 
  [ 78  78  78]
  [ 80  80  80]
  [ 82  82  82]]]