[[[ 15  32  29]
  [ 24  41  39]
  [ 31  48  46]
  ..., 
  [125 135 135]
  [132 143 144]
  [144 155 155]]

 [[ 12  28  26]
  [ 15  32  29]
  [ 19  35  33]
  ..., 
  [ 96 107 108]
  [100 112 112]
  [105 117 117]]

 [[  5  21  19]
  [  6  23  20]
  [ 13  30  27]
  ..., 
  [ 59  71  72]
  [ 56  69  69]
  [ 51  64  64]]

 ..., 
 [[130 133 137]
  [130 133 137]
  [128 131 135]
  ..., 
  [ 75  75  75]
  [ 90  90  90]
  [ 97  97  97]]

 [[131 134 138]
  [131 134 138]
  [129 132 136]
  ..., 
  [ 78  78  78]
  [ 80  80  80]
  [ 82  82  82]]

 [[131 134 138]
  [131 134 138]
  [129 132 136]
  ..., 
  [ 78  78  78]
  [ 80  80  80]
  [ 82  82  82]]]