[[[ 15  32  29]
  [ 24  41  39]
  [ 31  48  46]
  ..., 
  [129 140 140]
  [138 149 150]
  [149 161 161]]

 [[ 12  28  26]
  [ 15  32  29]
  [ 19  35  33]
  ..., 
  [ 95 106 107]
  [100 112 112]
  [108 120 120]]

 [[  5  21  19]
  [  6  23  20]
  [ 13  30  27]
  ..., 
  [ 56  67  69]
  [ 53  66  66]
  [ 51  64  64]]

 ..., 
 [[130 134 136]
  [130 134 136]
  [128 132 133]
  ..., 
  [ 71  71  71]
  [ 86  86  86]
  [ 92  92  92]]

 [[131 135 137]
  [131 135 137]
  [129 133 134]
  ..., 
  [ 82  82  82]
  [ 83  83  83]
  [ 83  83  83]]

 [[131 135 137]
  [131 135 137]
  [129 133 134]
  ..., 
  [ 82  82  82]
  [ 83  83  83]
  [ 83  83  83]]]