[[[ 17  35  30]
  [ 23  41  36]
  [ 30  48  43]
  ..., 
  [125 135 135]
  [133 144 145]
  [145 156 157]]

 [[ 14  32  26]
  [ 15  33  28]
  [ 19  36  31]
  ..., 
  [ 95 106 107]
  [ 99 111 111]
  [106 118 118]]

 [[  7  25  19]
  [  5  22  17]
  [ 12  29  24]
  ..., 
  [ 56  67  69]
  [ 54  67  67]
  [ 54  67  67]]

 ..., 
 [[130 133 137]
  [130 133 137]
  [128 131 135]
  ..., 
  [ 64  64  64]
  [ 76  76  76]
  [ 84  84  84]]

 [[131 134 138]
  [131 134 138]
  [129 132 136]
  ..., 
  [ 80  80  81]
  [ 83  83  83]
  [ 82  82  82]]

 [[131 134 138]
  [131 134 138]
  [129 132 136]
  ..., 
  [ 80  80  81]
  [ 83  83  83]
  [ 82  82  82]]]