[[[ 19  36  31]
  [ 24  42  37]
  [ 30  48  43]
  ..., 
  [125 135 136]
  [133 144 145]
  [145 156 157]]

 [[ 14  32  26]
  [ 15  33  28]
  [ 19  36  31]
  ..., 
  [ 95 106 107]
  [ 99 111 111]
  [106 118 118]]

 [[  7  25  19]
  [  5  22  17]
  [ 10  28  23]
  ..., 
  [ 56  67  69]
  [ 54  67  67]
  [ 54  67  67]]

 ..., 
 [[130 133 137]
  [130 133 137]
  [128 131 135]
  ..., 
  [ 66  66  67]
  [ 78  78  78]
  [ 86  86  86]]

 [[131 134 138]
  [131 134 138]
  [129 132 136]
  ..., 
  [ 79  79  79]
  [ 82  82  82]
  [ 80  80  80]]

 [[131 134 138]
  [131 134 138]
  [129 132 136]
  ..., 
  [ 79  79  79]
  [ 82  82  82]
  [ 80  80  80]]]