[[[ 19  38  35]
  [ 20  39  36]
  [ 22  42  39]
  ..., 
  [124 136 134]
  [139 151 149]
  [147 159 157]]

 [[ 11  30  27]
  [ 13  32  29]
  [ 17  36  33]
  ..., 
  [ 93 106 104]
  [105 117 115]
  [110 122 120]]

 [[  7  27  23]
  [  8  28  25]
  [ 13  32  29]
  ..., 
  [ 57  70  68]
  [ 60  72  70]
  [ 59  71  69]]

 ..., 
 [[130 133 137]
  [130 133 137]
  [130 133 137]
  ..., 
  [ 77  76  76]
  [ 86  86  86]
  [ 92  92  92]]

 [[130 133 137]
  [130 133 137]
  [130 133 137]
  ..., 
  [ 84  82  83]
  [ 80  80  80]
  [ 80  80  80]]

 [[130 133 137]
  [130 133 137]
  [130 133 137]
  ..., 
  [ 84  82  83]
  [ 80  80  80]
  [ 80  80  80]]]