[[[ 21  38  35]
  [ 27  44  41]
  [ 30  47  44]
  ..., 
  [125 135 136]
  [133 144 145]
  [145 156 157]]

 [[ 15  32  29]
  [ 16  33  30]
  [ 17  34  32]
  ..., 
  [ 95 106 107]
  [ 99 111 111]
  [106 118 118]]

 [[  7  24  21]
  [  5  21  19]
  [  9  26  23]
  ..., 
  [ 56  67  69]
  [ 54  67  67]
  [ 54  67  67]]

 ..., 
 [[130 134 136]
  [130 134 136]
  [128 132 133]
  ..., 
  [ 70  70  70]
  [ 82  82  82]
  [ 90  90  90]]

 [[131 135 137]
  [131 135 137]
  [129 133 134]
  ..., 
  [ 77  77  77]
  [ 79  79  79]
  [ 78  78  78]]

 [[131 135 137]
  [131 135 137]
  [129 133 134]
  ..., 
  [ 77  77  77]
  [ 79  79  79]
  [ 78  78  78]]]