[[[ 21  38  35]
  [ 27  44  41]
  [ 30  47  44]
  ..., 
  [126 136 137]
  [134 146 146]
  [146 157 158]]

 [[ 15  32  29]
  [ 16  33  30]
  [ 17  34  32]
  ..., 
  [ 97 108 109]
  [101 113 113]
  [105 117 117]]

 [[  7  24  21]
  [  5  21  19]
  [  9  26  23]
  ..., 
  [ 58  70  71]
  [ 56  69  69]
  [ 52  66  66]]

 ..., 
 [[130 134 136]
  [130 134 136]
  [128 132 133]
  ..., 
  [ 73  73  74]
  [ 85  85  85]
  [ 93  93  93]]

 [[131 135 137]
  [131 135 137]
  [129 133 134]
  ..., 
  [ 77  77  77]
  [ 79  79  79]
  [ 78  78  78]]

 [[131 135 137]
  [131 135 137]
  [129 133 134]
  ..., 
  [ 77  77  77]
  [ 79  79  79]
  [ 78  78  78]]]