[[[ 22  39  36]
  [ 29  46  43]
  [ 28  45  42]
  ..., 
  [126 136 137]
  [137 148 148]
  [148 160 160]]

 [[ 15  32  29]
  [ 17  34  32]
  [ 17  34  32]
  ..., 
  [ 97 108 109]
  [102 114 115]
  [103 115 116]]

 [[  7  24  21]
  [  6  23  20]
  [  9  26  23]
  ..., 
  [ 58  70  71]
  [ 55  68  68]
  [ 50  63  63]]

 ..., 
 [[130 134 136]
  [130 134 136]
  [129 133 134]
  ..., 
  [ 76  76  76]
  [ 85  85  85]
  [ 91  91  91]]

 [[131 135 137]
  [131 135 137]
  [130 134 136]
  ..., 
  [ 82  82  82]
  [ 79  79  79]
  [ 76  76  76]]

 [[131 135 137]
  [131 135 137]
  [130 134 136]
  ..., 
  [ 82  82  82]
  [ 79  79  79]
  [ 76  76  76]]]