[[[ 20  41  33]
  [ 25  46  38]
  [ 24  44  37]
  ..., 
  [124 131 132]
  [135 141 143]
  [143 149 151]]

 [[ 17  37  30]
  [ 18  39  31]
  [ 18  39  31]
  ..., 
  [ 94 101 102]
  [102 109 110]
  [101 108 109]]

 [[  6  27  19]
  [  8  29  21]
  [ 10  30  23]
  ..., 
  [ 59  67  69]
  [ 61  69  70]
  [ 53  61  62]]

 ..., 
 [[128 131 135]
  [128 131 135]
  [128 131 135]
  ..., 
  [ 75  77  77]
  [ 87  89  89]
  [ 90  92  92]]

 [[128 131 135]
  [128 131 135]
  [128 131 135]
  ..., 
  [ 75  77  77]
  [ 78  81  80]
  [ 78  81  80]]

 [[128 131 135]
  [128 131 135]
  [128 131 135]
  ..., 
  [ 75  77  77]
  [ 78  81  80]
  [ 78  81  80]]]