[[[ 21  39  33]
  [ 23  41  36]
  [ 26  43  38]
  ..., 
  [123 130 131]
  [135 141 143]
  [147 153 154]]

 [[ 16  34  29]
  [ 17  35  30]
  [ 21  39  33]
  ..., 
  [ 94 101 102]
  [104 111 112]
  [104 111 112]]

 [[  5  22  17]
  [  8  26  21]
  [ 14  32  26]
  ..., 
  [ 59  67  69]
  [ 64  72  73]
  [ 54  63  63]]

 ..., 
 [[128 132 133]
  [128 132 133]
  [128 132 133]
  ..., 
  [ 72  75  75]
  [ 87  89  89]
  [ 92  95  94]]

 [[128 132 133]
  [128 132 133]
  [128 132 133]
  ..., 
  [ 75  77  77]
  [ 78  81  80]
  [ 76  79  78]]

 [[128 132 133]
  [128 132 133]
  [128 132 133]
  ..., 
  [ 75  77  77]
  [ 78  81  80]
  [ 76  79  78]]]