[[[ 20  37  32]
  [ 22  40  35]
  [ 26  43  38]
  ..., 
  [130 137 138]
  [140 146 147]
  [150 156 158]]

 [[ 16  34  29]
  [ 16  34  29]
  [ 21  39  33]
  ..., 
  [ 97 104 106]
  [106 113 115]
  [113 120 122]]

 [[  5  22  17]
  [  7  25  19]
  [ 14  32  26]
  ..., 
  [ 58  66  68]
  [ 62  71  72]
  [ 60  68  69]]

 ..., 
 [[130 134 136]
  [130 134 136]
  [130 134 136]
  ..., 
  [ 70  73  72]
  [ 85  88  87]
  [ 92  95  94]]

 [[130 134 136]
  [130 134 136]
  [130 134 136]
  ..., 
  [ 73  76  76]
  [ 76  79  78]
  [ 74  76  76]]

 [[130 134 136]
  [130 134 136]
  [130 134 136]
  ..., 
  [ 73  76  76]
  [ 76  79  78]
  [ 74  76  76]]]