[[[ 21  39  33]
  [ 27  44  39]
  [ 22  40  35]
  ..., 
  [128 134 136]
  [138 145 146]
  [152 159 160]]

 [[ 13  30  25]
  [ 17  35  30]
  [ 20  37  32]
  ..., 
  [100 106 108]
  [106 113 115]
  [117 124 125]]

 [[  1  19  14]
  [  8  26  21]
  [ 16  34  29]
  ..., 
  [ 61  69  71]
  [ 62  71  72]
  [ 60  68  69]]

 ..., 
 [[130 134 136]
  [130 134 136]
  [130 134 136]
  ..., 
  [ 73  76  76]
  [ 92  95  94]
  [ 98 101 100]]

 [[130 134 136]
  [130 134 136]
  [130 134 136]
  ..., 
  [ 75  77  77]
  [ 82  84  84]
  [ 77  80  79]]

 [[130 134 136]
  [130 134 136]
  [130 134 136]
  ..., 
  [ 75  77  77]
  [ 82  84  84]
  [ 77  80  79]]]