[[[ 15  35  30]
  [ 21  41  36]
  [ 24  44  38]
  ..., 
  [128 138 136]
  [132 141 140]
  [139 148 147]]

 [[ 11  31  25]
  [ 15  35  30]
  [ 18  38  32]
  ..., 
  [ 94 104 103]
  [100 110 108]
  [105 115 113]]

 [[  4  24  18]
  [  6  26  21]
  [ 12  32  26]
  ..., 
  [ 57  67  65]
  [ 56  66  64]
  [ 62  72  70]]

 ..., 
 [[129 136 137]
  [128 134 136]
  [126 132 133]
  ..., 
  [ 67  68  68]
  [ 75  77  77]
  [ 83  86  85]]

 [[129 136 137]
  [128 134 136]
  [126 132 133]
  ..., 
  [ 80  82  82]
  [ 77  80  79]
  [ 76  79  78]]

 [[129 136 137]
  [128 134 136]
  [126 132 133]
  ..., 
  [ 80  82  82]
  [ 77  80  79]
  [ 76  79  78]]]