[[[ 15  36  28]
  [ 22  43  35]
  [ 20  41  33]
  ..., 
  [129 139 137]
  [134 144 142]
  [141 151 149]]

 [[ 10  30  23]
  [ 18  39  31]
  [ 17  37  30]
  ..., 
  [ 94 104 103]
  [ 99 109 107]
  [103 112 111]]

 [[  5  26  18]
  [  5  26  18]
  [ 10  30  23]
  ..., 
  [ 55  65  63]
  [ 54  63  62]
  [ 55  65  63]]

 ..., 
 [[129 136 137]
  [128 134 136]
  [126 132 133]
  ..., 
  [ 68  69  69]
  [ 78  81  80]
  [ 86  89  89]]

 [[129 136 137]
  [128 134 136]
  [126 132 133]
  ..., 
  [ 77  78  78]
  [ 78  81  80]
  [ 76  79  78]]

 [[129 136 137]
  [128 134 136]
  [126 132 133]
  ..., 
  [ 77  78  78]
  [ 78  81  80]
  [ 76  79  78]]]