[[[ 17  35  30]
  [ 24  42  37]
  [ 22  40  35]
  ..., 
  [129 139 137]
  [134 144 142]
  [141 151 149]]

 [[ 10  28  23]
  [ 19  36  31]
  [ 19  36  31]
  ..., 
  [ 94 104 103]
  [ 99 109 107]
  [103 112 111]]

 [[  7  25  19]
  [  7  25  19]
  [ 12  29  24]
  ..., 
  [ 55  65  63]
  [ 54  63  62]
  [ 55  65  63]]

 ..., 
 [[129 136 137]
  [128 134 136]
  [126 132 133]
  ..., 
  [ 69  70  70]
  [ 77  80  79]
  [ 85  88  87]]

 [[129 136 137]
  [128 134 136]
  [126 132 133]
  ..., 
  [ 78  79  79]
  [ 77  80  79]
  [ 74  76  76]]

 [[129 136 137]
  [128 134 136]
  [126 132 133]
  ..., 
  [ 78  79  79]
  [ 77  80  79]
  [ 74  76  76]]]