[[[ 19  36  31]
  [ 23  41  36]
  [ 24  42  37]
  ..., 
  [129 139 137]
  [133 143 141]
  [143 153 151]]

 [[ 12  29  24]
  [ 17  35  30]
  [ 20  37  32]
  ..., 
  [ 95 105 104]
  [ 98 108 106]
  [105 115 113]]

 [[  8  26  21]
  [  8  26  21]
  [ 10  28  23]
  ..., 
  [ 60  69  68]
  [ 54  63  62]
  [ 57  67  65]]

 ..., 
 [[131 135 137]
  [130 134 136]
  [128 132 133]
  ..., 
  [ 68  69  69]
  [ 78  81  80]
  [ 88  90  90]]

 [[131 135 137]
  [130 134 136]
  [128 132 133]
  ..., 
  [ 82  83  83]
  [ 77  80  79]
  [ 72  75  75]]

 [[131 135 137]
  [130 134 136]
  [128 132 133]
  ..., 
  [ 82  83  83]
  [ 77  80  79]
  [ 72  75  75]]]