[[[ 17  35  30]
  [ 24  42  37]
  [ 28  46  40]
  ..., 
  [129 137 135]
  [133 140 139]
  [145 153 151]]

 [[ 16  34  29]
  [ 19  36  31]
  [ 21  39  33]
  ..., 
  [ 98 106 105]
  [102 109 109]
  [104 112 111]]

 [[  9  27  22]
  [  9  27  22]
  [ 13  30  25]
  ..., 
  [ 61  70  70]
  [ 64  72  72]
  [ 58  66  67]]

 ..., 
 [[127 132 136]
  [127 132 136]
  [126 131 135]
  ..., 
  [ 69  69  69]
  [ 83  83  83]
  [ 92  92  92]]

 [[127 134 137]
  [126 132 136]
  [125 131 135]
  ..., 
  [ 76  76  76]
  [ 76  76  76]
  [ 79  79  79]]

 [[128 134 137]
  [127 132 136]
  [126 131 135]
  ..., 
  [ 76  76  76]
  [ 76  76  76]
  [ 79  79  79]]]