[[[ 15  37  31]
  [ 24  46  40]
  [ 25  48  42]
  ..., 
  [130 138 136]
  [134 141 140]
  [145 153 151]]

 [[ 10  32  26]
  [ 14  36  30]
  [ 17  39  33]
  ..., 
  [ 97 105 104]
  [102 109 109]
  [106 114 113]]

 [[  4  25  19]
  [  3  24  18]
  [ 11  32  26]
  ..., 
  [ 60  69  69]
  [ 64  72  72]
  [ 59  67  68]]

 ..., 
 [[126 131 135]
  [126 131 135]
  [125 130 134]
  ..., 
  [ 64  64  65]
  [ 75  75  75]
  [ 83  83  83]]

 [[126 132 136]
  [125 131 135]
  [124 130 134]
  ..., 
  [ 75  74  75]
  [ 75  75  75]
  [ 79  79  79]]

 [[127 132 136]
  [126 131 135]
  [124 130 134]
  ..., 
  [ 75  74  75]
  [ 75  75  75]
  [ 79  79  79]]]