[[[ 18  40  36]
  [ 24  46  42]
  [ 22  43  40]
  ..., 
  [128 135 134]
  [133 140 139]
  [145 153 151]]

 [[ 13  34  30]
  [ 14  35  32]
  [ 14  35  32]
  ..., 
  [ 93 101 100]
  [101 108 108]
  [108 115 115]]

 [[  4  23  20]
  [  5  24  21]
  [ 11  30  27]
  ..., 
  [ 58  66  66]
  [ 62  71  71]
  [ 59  67  68]]

 ..., 
 [[127 132 136]
  [127 132 136]
  [126 131 135]
  ..., 
  [ 65  65  66]
  [ 82  82  82]
  [ 93  93  93]]

 [[127 134 137]
  [126 132 136]
  [125 131 135]
  ..., 
  [ 76  76  76]
  [ 82  82  82]
  [ 90  90  90]]

 [[128 134 137]
  [127 132 136]
  [126 131 135]
  ..., 
  [ 76  76  76]
  [ 82  82  82]
  [ 90  90  90]]]