[[[ 15  35  32]
  [ 24  43  40]
  [ 24  43  40]
  ..., 
  [128 135 134]
  [133 140 139]
  [143 150 149]]

 [[ 12  31  28]
  [ 16  35  32]
  [ 15  33  30]
  ..., 
  [ 96 104 103]
  [103 111 110]
  [106 114 113]]

 [[  7  24  21]
  [  8  25  22]
  [ 12  28  26]
  ..., 
  [ 55  64  64]
  [ 62  71  71]
  [ 59  67  68]]

 ..., 
 [[127 132 136]
  [127 132 136]
  [126 131 135]
  ..., 
  [ 70  70  70]
  [ 83  83  83]
  [ 90  90  90]]

 [[127 134 137]
  [126 132 136]
  [125 131 135]
  ..., 
  [ 77  77  77]
  [ 79  79  79]
  [ 83  83  83]]

 [[128 134 137]
  [127 132 136]
  [126 131 135]
  ..., 
  [ 77  77  77]
  [ 79  79  79]
  [ 83  83  83]]]