[[[ 15  35  32]
  [ 24  43  40]
  [ 22  42  39]
  ..., 
  [128 135 134]
  [134 141 140]
  [142 149 148]]

 [[ 11  30  27]
  [ 15  33  30]
  [ 14  32  29]
  ..., 
  [ 97 105 104]
  [105 113 112]
  [104 112 111]]

 [[  6  23  20]
  [  6  23  20]
  [ 12  28  26]
  ..., 
  [ 53  62  62]
  [ 62  71  71]
  [ 58  66  67]]

 ..., 
 [[127 132 136]
  [127 132 136]
  [126 131 135]
  ..., 
  [ 72  72  73]
  [ 84  84  84]
  [ 90  90  90]]

 [[127 134 137]
  [126 132 136]
  [125 131 135]
  ..., 
  [ 78  78  79]
  [ 83  83  83]
  [ 83  83  83]]

 [[128 134 137]
  [127 132 136]
  [126 131 135]
  ..., 
  [ 78  78  79]
  [ 83  83  83]
  [ 83  83  83]]]