[[[ 15  35  30]
  [ 25  45  39]
  [ 24  44  38]
  ..., 
  [128 135 134]
  [134 141 140]
  [142 149 148]]

 [[ 11  31  25]
  [ 16  35  30]
  [ 16  35  30]
  ..., 
  [ 97 105 104]
  [105 113 112]
  [104 112 111]]

 [[  8  26  21]
  [  8  26  21]
  [ 13  30  25]
  ..., 
  [ 53  62  62]
  [ 62  71  71]
  [ 58  66  67]]

 ..., 
 [[127 132 136]
  [127 132 136]
  [126 131 135]
  ..., 
  [ 66  66  67]
  [ 80  80  80]
  [ 86  86  86]]

 [[127 134 137]
  [126 132 136]
  [125 131 135]
  ..., 
  [ 77  77  77]
  [ 80  80  80]
  [ 77  77  77]]

 [[128 134 137]
  [127 132 136]
  [126 131 135]
  ..., 
  [ 77  77  77]
  [ 80  80  80]
  [ 77  77  77]]]