[[[ 17  35  30]
  [ 29  47  42]
  [ 29  47  42]
  ..., 
  [126 134 133]
  [134 141 140]
  [143 150 149]]

 [[ 14  32  26]
  [ 19  36  31]
  [ 18  35  30]
  ..., 
  [ 97 105 104]
  [106 114 113]
  [105 113 112]]

 [[  9  24  19]
  [  9  24  19]
  [ 16  31  26]
  ..., 
  [ 54  63  63]
  [ 62  71  71]
  [ 58  66  67]]

 ..., 
 [[128 133 137]
  [128 133 137]
  [127 132 136]
  ..., 
  [ 65  65  66]
  [ 79  79  79]
  [ 90  90  90]]

 [[129 135 138]
  [127 134 137]
  [126 132 136]
  ..., 
  [ 77  77  77]
  [ 80  80  80]
  [ 82  82  82]]

 [[129 135 138]
  [128 134 137]
  [127 132 136]
  ..., 
  [ 77  77  77]
  [ 80  80  80]
  [ 82  82  82]]]