[[[ 17  36  28]
  [ 29  48  40]
  [ 30  49  41]
  ..., 
  [126 134 133]
  [134 141 140]
  [143 150 149]]

 [[ 16  33  26]
  [ 20  38  31]
  [ 20  38  31]
  ..., 
  [ 97 105 104]
  [106 114 113]
  [105 113 112]]

 [[  7  23  16]
  [  7  23  16]
  [ 15  31  24]
  ..., 
  [ 54  63  63]
  [ 62  71  71]
  [ 58  66  67]]

 ..., 
 [[127 133 134]
  [127 133 134]
  [126 132 133]
  ..., 
  [ 65  65  66]
  [ 79  79  79]
  [ 90  90  90]]

 [[127 134 136]
  [126 133 134]
  [125 132 133]
  ..., 
  [ 77  77  77]
  [ 80  80  80]
  [ 82  82  82]]

 [[128 134 136]
  [127 133 134]
  [126 132 133]
  ..., 
  [ 77  77  77]
  [ 80  80  80]
  [ 82  82  82]]]