[[[ 16  34  29]
  [ 28  46  40]
  [ 33  50  45]
  ..., 
  [126 134 133]
  [134 141 140]
  [143 150 149]]

 [[ 14  32  26]
  [ 20  37  32]
  [ 23  40  35]
  ..., 
  [ 97 105 104]
  [106 114 113]
  [105 113 112]]

 [[  5  21  16]
  [  8  23  18]
  [ 15  30  25]
  ..., 
  [ 54  63  63]
  [ 62  71  71]
  [ 58  66  67]]

 ..., 
 [[127 133 134]
  [127 133 134]
  [126 132 133]
  ..., 
  [ 65  65  66]
  [ 79  79  79]
  [ 90  90  90]]

 [[127 134 136]
  [126 133 134]
  [125 132 133]
  ..., 
  [ 77  77  77]
  [ 80  80  80]
  [ 82  82  82]]

 [[128 134 136]
  [127 133 134]
  [126 132 133]
  ..., 
  [ 77  77  77]
  [ 80  80  80]
  [ 82  82  82]]]