[[[ 17  36  28]
  [ 29  48  40]
  [ 33  51  44]
  ..., 
  [126 134 133]
  [134 141 140]
  [150 157 156]]

 [[ 13  31  24]
  [ 20  38  31]
  [ 23  40  33]
  ..., 
  [ 97 105 104]
  [103 111 110]
  [106 114 113]]

 [[  4  20  13]
  [  8  24  17]
  [ 14  30  23]
  ..., 
  [ 53  62  62]
  [ 59  67  68]
  [ 55  64  64]]

 ..., 
 [[127 133 134]
  [127 133 134]
  [126 132 133]
  ..., 
  [ 65  65  66]
  [ 79  79  79]
  [ 90  90  90]]

 [[127 134 136]
  [126 133 134]
  [125 132 133]
  ..., 
  [ 77  77  77]
  [ 80  80  80]
  [ 82  82  82]]

 [[128 134 136]
  [127 133 134]
  [126 132 133]
  ..., 
  [ 77  77  77]
  [ 80  80  80]
  [ 82  82  82]]]