[[[ 16  36  26]
  [ 27  46  36]
  [ 29  48  38]
  ..., 
  [126 134 133]
  [134 141 140]
  [149 156 155]]

 [[ 11  29  20]
  [ 19  38  28]
  [ 23  41  32]
  ..., 
  [ 96 104 103]
  [102 109 109]
  [106 114 113]]

 [[  1  17   9]
  [  5  22  14]
  [ 11  28  20]
  ..., 
  [ 52  60  61]
  [ 58  66  67]
  [ 55  64  64]]

 ..., 
 [[127 132 136]
  [127 132 136]
  [126 131 135]
  ..., 
  [ 65  65  66]
  [ 79  79  79]
  [ 90  90  90]]

 [[127 134 137]
  [126 132 136]
  [125 131 135]
  ..., 
  [ 77  77  77]
  [ 80  80  80]
  [ 82  82  82]]

 [[128 134 137]
  [127 132 136]
  [126 131 135]
  ..., 
  [ 77  77  77]
  [ 80  80  80]
  [ 82  82  82]]]