[[[ 20  38  31]
  [ 31  50  42]
  [ 31  50  42]
  ..., 
  [126 134 133]
  [134 141 140]
  [148 155 154]]

 [[ 14  32  25]
  [ 21  39  32]
  [ 20  38  31]
  ..., 
  [ 94 103 102]
  [101 108 108]
  [106 114 113]]

 [[  5  22  14]
  [  9  25  18]
  [ 11  27  20]
  ..., 
  [ 52  60  61]
  [ 58  66  67]
  [ 57  65  65]]

 ..., 
 [[127 133 134]
  [127 133 134]
  [126 132 133]
  ..., 
  [ 66  66  67]
  [ 80  80  80]
  [ 89  89  89]]

 [[127 134 136]
  [126 133 134]
  [125 132 133]
  ..., 
  [ 78  78  79]
  [ 82  82  82]
  [ 80  80  80]]

 [[128 134 136]
  [127 133 134]
  [126 132 133]
  ..., 
  [ 78  78  79]
  [ 82  82  82]
  [ 80  80  80]]]