[[[ 17  35  30]
  [ 29  47  42]
  [ 29  47  42]
  ..., 
  [126 134 133]
  [134 141 140]
  [148 155 154]]

 [[ 13  30  25]
  [ 19  36  31]
  [ 18  35  30]
  ..., 
  [ 94 103 102]
  [101 108 108]
  [106 114 113]]

 [[  4  20  15]
  [  8  23  18]
  [ 10  25  21]
  ..., 
  [ 52  60  61]
  [ 58  66  67]
  [ 57  65  65]]

 ..., 
 [[127 133 134]
  [127 133 134]
  [126 132 133]
  ..., 
  [ 66  66  67]
  [ 79  79  79]
  [ 87  87  87]]

 [[127 134 136]
  [126 133 134]
  [125 132 133]
  ..., 
  [ 76  76  76]
  [ 80  80  80]
  [ 76  76  76]]

 [[128 134 136]
  [127 133 134]
  [126 132 133]
  ..., 
  [ 76  76  76]
  [ 80  80  80]
  [ 76  76  76]]]