[[[ 17  35  30]
  [ 28  46  40]
  [ 27  44  39]
  ..., 
  [126 134 133]
  [136 143 142]
  [145 153 151]]

 [[ 13  30  25]
  [ 17  34  29]
  [ 16  33  28]
  ..., 
  [ 93 101 100]
  [104 112 111]
  [109 116 116]]

 [[  7  22  17]
  [  7  22  17]
  [  9  24  19]
  ..., 
  [ 51  59  59]
  [ 65  73  73]
  [ 59  67  68]]

 ..., 
 [[127 133 134]
  [127 133 134]
  [126 132 133]
  ..., 
  [ 77  77  77]
  [ 86  86  86]
  [ 98  98  98]]

 [[127 134 136]
  [126 133 134]
  [125 132 133]
  ..., 
  [ 79  79  80]
  [ 82  82  82]
  [ 78  78  78]]

 [[128 134 136]
  [127 133 134]
  [126 132 133]
  ..., 
  [ 79  79  80]
  [ 82  82  82]
  [ 78  78  78]]]