[[[ 22  41  33]
  [ 28  46  39]
  [ 24  43  35]
  ..., 
  [129 137 135]
  [138 146 144]
  [145 153 151]]

 [[ 11  29  21]
  [ 16  33  26]
  [ 18  36  28]
  ..., 
  [ 94 103 102]
  [104 112 111]
  [103 111 110]]

 [[  3  19  12]
  [  7  23  16]
  [ 11  27  20]
  ..., 
  [ 58  66  66]
  [ 60  68  69]
  [ 53  62  62]]

 ..., 
 [[128 133 137]
  [128 133 137]
  [127 132 136]
  ..., 
  [ 72  72  73]
  [ 83  83  83]
  [ 93  93  93]]

 [[130 136 140]
  [129 135 138]
  [127 134 137]
  ..., 
  [ 76  76  76]
  [ 79  79  79]
  [ 78  78  78]]

 [[130 136 140]
  [129 135 138]
  [128 134 137]
  ..., 
  [ 76  76  76]
  [ 79  79  79]
  [ 78  78  78]]]