[[[ 20  38  31]
  [ 28  46  39]
  [ 27  45  38]
  ..., 
  [130 138 136]
  [138 146 144]
  [147 154 153]]

 [[  9  27  19]
  [ 14  32  25]
  [ 18  36  28]
  ..., 
  [ 94 103 102]
  [103 111 110]
  [104 112 111]]

 [[  3  19  12]
  [  7  23  16]
  [ 10  26  19]
  ..., 
  [ 60  69  69]
  [ 60  68  69]
  [ 55  64  64]]

 ..., 
 [[128 133 137]
  [128 133 137]
  [127 132 136]
  ..., 
  [ 73  73  74]
  [ 85  85  85]
  [ 94  94  94]]

 [[130 136 140]
  [129 135 138]
  [127 134 137]
  ..., 
  [ 77  77  77]
  [ 82  82  82]
  [ 79  79  79]]

 [[130 136 140]
  [129 135 138]
  [128 134 137]
  ..., 
  [ 77  77  77]
  [ 82  82  82]
  [ 79  79  79]]]