[[[ 20  37  32]
  [ 28  46  40]
  [ 27  44  39]
  ..., 
  [130 138 136]
  [138 146 144]
  [147 154 153]]

 [[  9  26  21]
  [ 14  32  26]
  [ 18  35  30]
  ..., 
  [ 94 103 102]
  [103 111 110]
  [104 112 111]]

 [[  3  18  14]
  [  7  22  17]
  [ 10  25  21]
  ..., 
  [ 60  69  69]
  [ 60  68  69]
  [ 55  64  64]]

 ..., 
 [[128 134 136]
  [128 134 136]
  [127 133 134]
  ..., 
  [ 72  72  73]
  [ 86  86  86]
  [ 96  96  96]]

 [[130 137 138]
  [129 136 137]
  [127 134 136]
  ..., 
  [ 76  76  76]
  [ 83  83  83]
  [ 79  79  79]]

 [[130 137 138]
  [129 136 137]
  [128 134 136]
  ..., 
  [ 76  76  76]
  [ 83  83  83]
  [ 79  79  79]]]