[[[ 22  41  33]
  [ 27  45  38]
  [ 27  45  38]
  ..., 
  [130 138 136]
  [138 146 144]
  [147 154 153]]

 [[ 10  28  20]
  [ 16  33  26]
  [ 20  38  31]
  ..., 
  [ 94 103 102]
  [103 111 110]
  [104 112 111]]

 [[  7  23  16]
  [  9  25  18]
  [ 16  32  25]
  ..., 
  [ 60  69  69]
  [ 60  68  69]
  [ 55  64  64]]

 ..., 
 [[128 134 136]
  [128 134 136]
  [127 133 134]
  ..., 
  [ 73  73  74]
  [ 86  86  86]
  [ 96  96  96]]

 [[130 137 138]
  [129 136 137]
  [127 134 136]
  ..., 
  [ 76  76  76]
  [ 82  82  82]
  [ 78  78  78]]

 [[130 137 138]
  [129 136 137]
  [128 134 136]
  ..., 
  [ 76  76  76]
  [ 82  82  82]
  [ 78  78  78]]]