[[[ 19  37  30]
  [ 24  43  35]
  [ 26  44  37]
  ..., 
  [130 138 136]
  [140 147 146]
  [148 155 154]]

 [[ 11  29  21]
  [ 17  35  27]
  [ 20  38  31]
  ..., 
  [ 96 104 103]
  [105 113 112]
  [106 114 113]]

 [[  7  23  16]
  [  8  24  17]
  [ 12  29  21]
  ..., 
  [ 59  67  68]
  [ 58  66  67]
  [ 53  62  62]]

 ..., 
 [[128 133 137]
  [128 133 137]
  [127 132 136]
  ..., 
  [ 78  78  79]
  [ 87  87  87]
  [ 96  96  96]]

 [[130 136 140]
  [129 135 138]
  [127 134 137]
  ..., 
  [ 75  74  75]
  [ 79  79  79]
  [ 76  76  76]]

 [[130 136 140]
  [129 135 138]
  [128 134 137]
  ..., 
  [ 75  74  75]
  [ 79  79  79]
  [ 76  76  76]]]