[[[ 20  37  32]
  [ 23  41  36]
  [ 28  46  40]
  ..., 
  [129 133 137]
  [143 149 152]
  [152 158 162]]

 [[ 12  29  24]
  [ 16  34  29]
  [ 21  39  33]
  ..., 
  [ 97 102 106]
  [106 113 116]
  [111 117 121]]

 [[  5  22  17]
  [  8  26  21]
  [ 14  32  26]
  ..., 
  [ 61  69  72]
  [ 60  67  71]
  [ 58  65  69]]

 ..., 
 [[132 133 137]
  [132 133 137]
  [132 133 137]
  ..., 
  [ 81  80  81]
  [ 96  96  96]
  [ 99  99  99]]

 [[132 133 137]
  [132 133 137]
  [132 133 137]
  ..., 
  [ 84  83  83]
  [ 86  86  86]
  [ 79  79  79]]

 [[132 133 137]
  [132 133 137]
  [132 133 137]
  ..., 
  [ 84  83  83]
  [ 86  86  86]
  [ 79  79  79]]]