[[[ 24  40  33]
  [ 29  45  38]
  [ 28  44  37]
  ..., 
  [122 131 132]
  [133 142 143]
  [147 156 157]]

 [[ 16  32  25]
  [ 19  35  29]
  [ 21  36  30]
  ..., 
  [ 92 101 102]
  [100 109 110]
  [106 115 116]]

 [[  9  24  19]
  [  8  23  18]
  [ 12  28  23]
  ..., 
  [ 59  67  69]
  [ 60  68  69]
  [ 58  67  68]]

 ..., 
 [[132 136 138]
  [131 135 137]
  [131 135 137]
  ..., 
  [ 86  86  86]
  [ 90  90  90]
  [ 93  93  93]]

 [[132 136 138]
  [130 134 136]
  [130 134 136]
  ..., 
  [ 77  77  77]
  [ 75  75  75]
  [ 75  75  75]]

 [[132 136 138]
  [130 134 136]
  [130 134 136]
  ..., 
  [ 77  77  77]
  [ 75  75  75]
  [ 75  75  75]]]