[[[ 21  37  30]
  [ 23  39  32]
  [ 25  41  34]
  ..., 
  [125 134 134]
  [134 143 144]
  [152 160 161]]

 [[ 12  28  22]
  [ 16  32  25]
  [ 18  34  28]
  ..., 
  [ 93 102 103]
  [ 98 107 108]
  [104 113 113]]

 [[  7  22  17]
  [  7  22  17]
  [ 11  27  22]
  ..., 
  [ 57  66  68]
  [ 58  67  68]
  [ 55  64  64]]

 ..., 
 [[131 135 137]
  [130 134 136]
  [130 134 136]
  ..., 
  [ 86  86  86]
  [ 90  90  90]
  [ 93  93  93]]

 [[131 135 137]
  [129 133 134]
  [129 133 134]
  ..., 
  [ 77  77  77]
  [ 75  75  75]
  [ 75  75  75]]

 [[131 135 137]
  [129 133 134]
  [129 133 134]
  ..., 
  [ 77  77  77]
  [ 75  75  75]
  [ 75  75  75]]]