[[[ 23  42  34]
  [ 28  46  39]
  [ 24  43  35]
  ..., 
  [122 131 132]
  [132 141 141]
  [152 160 161]]

 [[ 14  32  25]
  [ 19  37  30]
  [ 19  37  30]
  ..., 
  [ 95 104 106]
  [100 109 110]
  [104 113 113]]

 [[  6  23  18]
  [  5  22  17]
  [ 10  28  23]
  ..., 
  [ 60  68  70]
  [ 61  70  70]
  [ 55  64  64]]

 ..., 
 [[131 136 135]
  [130 135 134]
  [130 135 134]
  ..., 
  [ 86  86  86]
  [ 90  90  90]
  [ 93  93  93]]

 [[131 136 135]
  [129 134 133]
  [129 134 133]
  ..., 
  [ 77  77  77]
  [ 75  75  75]
  [ 75  75  75]]

 [[131 136 135]
  [129 134 133]
  [129 134 133]
  ..., 
  [ 77  77  77]
  [ 75  75  75]
  [ 75  75  75]]]