[[[ 23  43  33]
  [ 28  47  37]
  [ 26  45  35]
  ..., 
  [122 131 132]
  [132 141 141]
  [152 160 161]]

 [[ 14  33  24]
  [ 19  38  28]
  [ 20  39  30]
  ..., 
  [ 96 104 106]
  [100 109 110]
  [104 113 113]]

 [[  7  25  18]
  [  2  21  13]
  [  8  27  19]
  ..., 
  [ 60  68  70]
  [ 61  70  70]
  [ 55  64  64]]

 ..., 
 [[131 136 135]
  [130 135 134]
  [130 135 134]
  ..., 
  [ 82  82  82]
  [ 90  90  90]
  [ 92  92  92]]

 [[131 136 135]
  [129 134 133]
  [129 134 133]
  ..., 
  [ 78  78  78]
  [ 78  78  78]
  [ 76  76  76]]

 [[131 136 135]
  [129 134 133]
  [129 134 133]
  ..., 
  [ 78  78  78]
  [ 78  78  78]
  [ 76  76  76]]]