[[[ 22  41  33]
  [ 27  45  38]
  [ 24  43  35]
  ..., 
  [122 131 132]
  [132 141 141]
  [152 160 161]]

 [[ 14  32  25]
  [ 19  37  30]
  [ 20  38  31]
  ..., 
  [ 95 104 106]
  [100 109 110]
  [104 113 113]]

 [[  8  26  21]
  [  3  21  16]
  [  9  27  22]
  ..., 
  [ 60  68  70]
  [ 61  70  70]
  [ 55  64  64]]

 ..., 
 [[131 136 135]
  [130 135 134]
  [130 135 134]
  ..., 
  [ 82  82  82]
  [ 90  90  90]
  [ 92  92  92]]

 [[131 136 135]
  [129 134 133]
  [129 134 133]
  ..., 
  [ 78  78  78]
  [ 78  78  78]
  [ 76  76  76]]

 [[131 136 135]
  [129 134 133]
  [129 134 133]
  ..., 
  [ 78  78  78]
  [ 78  78  78]
  [ 76  76  76]]]