[[[ 22  41  33]
  [ 27  45  38]
  [ 22  41  33]
  ..., 
  [122 131 132]
  [132 141 141]
  [152 160 161]]

 [[ 14  32  25]
  [ 19  37  30]
  [ 19  37  30]
  ..., 
  [ 95 104 106]
  [100 109 110]
  [104 113 113]]

 [[  8  26  21]
  [  3  21  16]
  [ 10  28  23]
  ..., 
  [ 60  68  70]
  [ 61  70  70]
  [ 55  64  64]]

 ..., 
 [[131 136 135]
  [130 135 134]
  [130 135 134]
  ..., 
  [ 76  76  76]
  [ 82  82  82]
  [ 91  91  91]]

 [[131 136 135]
  [129 134 133]
  [129 134 133]
  ..., 
  [ 78  78  78]
  [ 77  77  77]
  [ 82  82  82]]

 [[131 136 135]
  [129 134 133]
  [129 134 133]
  ..., 
  [ 78  78  78]
  [ 77  77  77]
  [ 82  82  82]]]