[[[ 21  39  32]
  [ 26  44  37]
  [ 21  39  32]
  ..., 
  [122 131 132]
  [132 141 141]
  [152 160 161]]

 [[ 14  32  25]
  [ 19  37  30]
  [ 19  37  30]
  ..., 
  [ 95 104 106]
  [100 109 110]
  [104 113 113]]

 [[  9  27  22]
  [  5  22  17]
  [ 12  29  24]
  ..., 
  [ 60  68  70]
  [ 61  70  70]
  [ 55  64  64]]

 ..., 
 [[131 136 135]
  [130 135 134]
  [130 135 134]
  ..., 
  [ 80  80  81]
  [ 90  90  90]
  [ 92  92  92]]

 [[131 136 135]
  [129 134 133]
  [129 134 133]
  ..., 
  [ 78  78  78]
  [ 79  79  79]
  [ 77  77  77]]

 [[131 136 135]
  [129 134 133]
  [129 134 133]
  ..., 
  [ 78  78  78]
  [ 79  79  79]
  [ 77  77  77]]]