[[[ 21  39  32]
  [ 26  44  37]
  [ 21  39  32]
  ..., 
  [123 132 133]
  [132 141 141]
  [152 160 161]]

 [[ 14  32  25]
  [ 19  37  30]
  [ 19  37  30]
  ..., 
  [ 95 104 106]
  [101 110 111]
  [105 114 115]]

 [[  9  27  22]
  [  5  22  17]
  [ 12  29  24]
  ..., 
  [ 59  67  69]
  [ 61  70  70]
  [ 55  64  64]]

 ..., 
 [[131 135 137]
  [130 134 136]
  [130 134 136]
  ..., 
  [ 80  80  81]
  [ 90  90  90]
  [ 92  92  92]]

 [[131 135 137]
  [129 133 134]
  [129 133 134]
  ..., 
  [ 78  78  78]
  [ 79  79  79]
  [ 77  77  77]]

 [[131 135 137]
  [129 133 134]
  [129 133 134]
  ..., 
  [ 78  78  78]
  [ 79  79  79]
  [ 77  77  77]]]